0.000000 0.0
0.100000 6.485598083685268
0.200000 6.83382688111179
0.300000 4.916589844427373
0.400000 1.6323483864342854
0.500000 2.2862464634737525
0.600000 1.9712809635828836
0.700000 5.301514089955135
0.800000 7.809417803670662
0.900000 2.9786399092677622
1.000000 1.2946934038635434
1.100000 0.7256147279849247
1.200000 0.5485006331828792
1.300000 0.4459892571969741
1.400000 0.3889552687966908
1.500000 0.3587073072792131
1.600000 0.34875735021743215
1.700000 0.35728620081179707
1.800000 0.38430712384554805
1.900000 0.42336112362100753
2.000000 0.4572041185747933
2.100000 0.452184903724704
2.200000 0.4786480103610052
2.300000 1.010608924177966
2.400000 1.8764216224939658
2.500000 1.4058118416161016
2.600000 0.7710843344288446
2.700000 0.8455392883769307
2.800000 0.8053887993591896
2.900000 0.7869563656735243
3.000000 0.8333755736435395
3.100000 0.9290290680113658
3.200000 1.0212111121244933
3.300000 1.2930430897330212
3.400000 3.1290266033823233
3.500000 4.689354677336302
3.600000 2.994415992618232
3.700000 4.6939100456659935
3.800000 7.564093994681329
3.900000 7.736263755528806
4.000000 6.462377348074954
4.100000 2.6415027751258666
4.200000 1.084055915429541
4.300000 1.6793658881873803
4.400000 1.8302289635971465
4.500000 0.7888939901159959
4.600000 0.7101610963003177
4.700000 0.6341341563718549
4.800000 0.5217410549384659
4.900000 0.4488910841975923
5.000000 0.41897731470084315
5.100000 0.42154530173986743
5.200000 0.44979618513819175
5.300000 0.5000731733320826
5.400000 0.567939588056449
5.500000 0.6240644040507718
5.600000 0.6988303129999162
5.700000 2.297849629514239
5.800000 4.575885614061155
5.900000 2.9366131165013165
6.000000 1.0248964356305432
6.100000 0.6110869324481726
6.200000 1.099314898597634
6.300000 2.055160969738123
6.400000 1.604457275073399
6.500000 0.8724667259503301
6.600000 0.990577691246742
6.700000 2.1677131141083956
6.800000 3.367652875208695
6.900000 1.6744028869979926
7.000000 0.8480372037735862
7.100000 0.672358734560585
7.200000 0.524698862417456
7.300000 0.44355592876804095
7.400000 0.40212385745703316
7.500000 0.3853688407407122
7.600000 0.393016793458813
7.700000 0.42312645247471353
7.800000 0.46932758200661956
7.900000 0.5102049018108876
8.000000 0.5139184129853616
8.100000 0.5995202152160255
8.200000 1.309552080262429
8.300000 2.1959619986639516
8.400000 1.4932931050392504
8.500000 1.055440756956587
8.600000 1.1119483252386264
8.700000 1.293211325008992
8.800000 3.40162006082044
8.900000 4.72747141682801
9.000000 1.944634702920917
9.100000 1.3716911930852143
9.200000 3.0477345664527085
9.300000 4.076175729693256
9.400000 1.5479543946150913
9.500000 0.9890221255500402
9.600000 0.7374761414118098
9.700000 0.6837066201579742
9.800000 1.7580438511309782
9.900000 3.3346457842894814
10.000000 2.08208401877281
10.100000 0.9421516297458544
10.200000 1.4197519303435624
10.300000 2.158868206450476
10.400000 1.363363858622278
10.500000 0.6849540058625738
10.600000 0.6525531205739992
10.700000 0.506588196245744
10.800000 0.3837281940401136
10.900000 0.30560476445393436
11.000000 0.2608611972714913
11.100000 0.2392271776587027
11.200000 0.23160209431164366
11.300000 0.23216074149225782
11.400000 0.23831683242798174
11.500000 0.25222087083455036
11.600000 0.27511311996831733
11.700000 0.3093697073356042
11.800000 0.3538844866764225
11.900000 0.395673058958329
12.000000 0.40315560686769947
12.100000 0.39524159141824244
12.200000 0.8145352794303904
12.300000 1.864876792283724
12.400000 1.7577380028741176
12.500000 0.7811834638311402
12.600000 0.8325960015579632
12.700000 0.7796925633757226
12.800000 0.6611348191725692
12.900000 0.6259019711920433
13.000000 1.742825785645351
13.100000 3.2547155371744183
13.200000 1.8765956179225087
13.300000 0.7689938572159946
13.400000 0.6145586867633555
13.500000 0.4681531205808843
13.600000 0.4003277164098799
13.700000 0.37367151386210096
13.800000 0.3788277470700758
13.900000 0.40060314693227383
14.000000 0.41423708960244526
14.100000 0.38268956183025593
14.200000 0.45527610333541696
14.300000 1.2398044807284512
14.400000 2.0470700598255327
14.500000 1.0928665394443509
14.600000 0.6339344119620558
14.700000 0.612806715313668
14.800000 0.4864228390523301
14.900000 0.3876822667847476
15.000000 0.3258712885196599
15.100000 0.29255203405074204
15.200000 0.278959761890929
15.300000 0.2791575404728241
15.400000 0.2905398702293389
15.500000 0.31391980742325987
15.600000 0.3519447873269159
15.700000 0.4098094136877728
15.800000 0.49263193410824413
15.900000 0.5975832808142529
16.000000 0.697073024591186
16.100000 0.7193678058332078
16.200000 0.8576630413027041
16.300000 2.51518966192352
16.400000 4.6845313073535095
16.500000 3.4150487786593713
16.600000 1.6467500853957064
16.700000 1.2728164766696397
16.800000 1.1011601782986962
16.900000 0.9249814139132303
17.000000 2.1017194886823107
17.100000 4.104995972500492
17.200000 2.642841970221394
17.300000 0.8317784573596048
17.400000 0.48672607959623326
17.500000 0.29156178567408053
17.600000 0.23496293336090934
17.700000 0.22934893351964097
17.800000 0.2427742939251519
17.900000 0.27052371765882227
18.000000 0.31188612726581993
18.100000 0.35848230500048006
18.200000 0.3867395000471036
18.300000 0.36316238439100956
18.400000 0.4684509570681389
18.500000 1.3599986295452322
18.600000 2.1271552210072278
18.700000 1.0389864992498865
18.800000 0.6587797274319848
18.900000 0.6329178819982605
19.000000 0.5309320353155615
19.100000 0.47311750363755073
19.200000 0.4604120006548863
19.300000 0.48212978746692126
19.400000 0.4957141447885738
19.500000 0.46064601047777104
19.600000 0.9421175866600684
19.700000 2.7671426625616835
19.800000 3.011038294528398
19.900000 0.9125092212667345
20.000000 0.7213079823898467
20.100000 0.569403723079882
20.200000 0.5010325728384434
20.300000 0.4802512199509152
20.400000 0.4370814685495499
20.500000 0.40594224647223875
20.600000 0.9267229497836209
20.700000 2.0343496081064734
20.800000 1.6137634053625611
20.900000 0.6120428805127068
21.000000 0.6097389743762496
21.100000 0.483058054429107
21.200000 0.3656347974214095
21.300000 0.29102943749691357
21.400000 0.24758556347515018
21.500000 0.2255648530130828
21.600000 0.21545996051005772
21.700000 0.21306788978953084
21.800000 0.21477365814106414
21.900000 0.22116721810500067
22.000000 0.23466072503406138
22.100000 0.25927402872884453
22.200000 0.29856189661524246
22.300000 0.356754932818746
22.400000 0.42871452075382077
22.500000 0.4939357784961762
22.600000 0.5184248965252923
22.700000 0.6513682350845055
22.800000 1.5700314048400208
22.900000 2.4651069588939114
23.000000 1.4532002406330775
23.100000 2.151856304710271
23.200000 3.7189764727682144
23.300000 2.1767974442816382
23.400000 0.8788267621494551
23.500000 0.6367955903848017
23.600000 0.44791894730686127
23.700000 0.3432893019329638
23.800000 0.28815730998849753
23.900000 0.25335575324971743
24.000000 0.23312074818858358
24.100000 0.2226494721771463
24.200000 0.2216625136841956
24.300000 0.23301081540381446
24.400000 0.2581479846493543
24.500000 0.2984577431804867
24.600000 0.34594753025886077
24.700000 0.37767173632106665
24.800000 0.3576530514442139
24.900000 0.4441459234559618
25.000000 1.3513475114008524
25.100000 2.2397444483410496
25.200000 1.1354675295396586
25.300000 0.6369552842412067
25.400000 0.5881990890483992
25.500000 0.453713804896491
25.600000 0.35431767278192455
25.700000 0.29946652274106716
25.800000 0.27531407364891103
25.900000 0.27600449027800256
26.000000 0.29635730455691295
26.100000 0.3335161147509338
26.200000 0.38611458729588344
26.300000 0.44667954279113964
26.400000 0.49173769352733643
26.500000 0.48258746102067474
26.600000 0.9519045079127364
26.700000 2.84600149233539
26.800000 3.2823244306220576
26.900000 1.1107777062971866
27.000000 0.8424603108734399
27.100000 0.6417229201649028
27.200000 1.168547586111102
27.300000 2.2732178821831472
27.400000 1.6882335916203672
27.500000 0.6625876232599608
27.600000 0.6362914514915488
27.700000 0.481528633109389
27.800000 0.35919607780826374
27.900000 0.2787881092615461
28.000000 0.2310931533040667
28.100000 0.20473642516712204
28.200000 0.19271574168326516
28.300000 0.18899505092029617
28.400000 0.19046035511799006
28.500000 0.195307692454017
28.600000 0.20324596767413605
28.700000 0.21702663671330064
28.800000 0.23891742030077823
28.900000 0.2720397182776278
29.000000 0.31740620582364437
29.100000 0.3685573013406154
29.200000 0.40253592174845576
29.300000 0.3826583369848587
29.400000 0.5388366817675103
29.500000 1.5975699878064127
29.600000 2.3799642189907253
29.700000 1.1079976874677033
29.800000 0.7987597851151217
29.900000 0.7743387512883515
30.000000 0.6889249140414738
30.100000 0.600409818732301
30.200000 0.5656573737406883
30.300000 1.6983817583212217
30.400000 3.3943216649444836
30.500000 2.1234445456921263
30.600000 0.7414757362466855
30.700000 0.547355053914458
30.800000 0.39420218727612
30.900000 0.3243196463682644
31.000000 0.2893296540182518
31.100000 0.2836131962625043
31.200000 0.2954103365934576
31.300000 0.325790506318472
31.400000 0.36514638393531357
31.500000 0.3856964872412172
31.600000 0.3508424439750316
31.700000 0.5302079655910369
31.800000 1.6416169591460068
31.900000 2.3167434301571763
32.000000 0.9237669803420742
32.100000 0.6358009164428019
32.200000 0.5458779449199644
32.300000 0.4099340244591982
32.400000 0.3165150282464745
32.500000 0.2579492417883486
32.600000 0.22476502091151704
32.700000 0.20721001762746147
32.800000 0.19999337232418038
32.900000 0.20001286049443315
33.000000 0.20546785763213538
33.100000 0.21646998897882608
33.200000 0.23535256023433915
33.300000 0.2653583812794144
33.400000 0.3110530695150963
33.500000 0.37759918888915056
33.600000 0.46844836052703087
33.700000 0.5747182802391211
33.800000 0.664041083691304
33.900000 0.6423302944774565
34.000000 0.8444799862928426
34.100000 3.2965708509888363
34.200000 5.690924253124961
34.300000 2.663989899276073
34.400000 1.1571260462584843
34.500000 0.8808989028981525
34.600000 0.6083283218021693
34.700000 0.43849620635800535
34.800000 0.332324376582436
34.900000 0.2659740823102082
35.000000 0.22536440141887498
35.100000 0.2011068055150168
35.200000 0.18646780902427823
35.300000 0.1787619960564562
35.400000 0.17579055475680375
35.500000 0.17665773103208945
35.600000 0.18285427251625985
35.700000 0.1966414395207387
35.800000 0.22002728525691173
35.900000 0.25633022803980976
36.000000 0.304925651038974
36.100000 0.3578868936689638
36.200000 0.3875080436427928
36.300000 0.35992796953009204
36.400000 0.5609992757836652
36.500000 1.7375887808043897
36.600000 2.4148518864090063
36.700000 0.9341690995400523
36.800000 0.6546940038975512
36.900000 0.553411735914224
37.000000 0.42567721433146327
37.100000 0.3460707342191004
37.200000 0.30640675250039007
37.300000 0.29679355132179885
37.400000 0.3126887917184281
37.500000 0.3505016500437177
37.600000 0.40290017702828096
37.700000 0.45627257936193233
37.800000 0.4602968450182081
37.900000 0.5475708327377402
38.000000 1.9881016487073784
38.100000 3.5564381091792843
38.200000 1.8260196010250902
38.300000 0.7954877797051121
38.400000 0.6149271356494196
38.500000 0.5244340975638044
38.600000 0.4888605781865522
38.700000 0.4277329765309943
38.800000 0.5512287255057908
38.900000 1.6604754406450484
39.000000 2.5058892709798393
39.100000 1.0563474373432344
39.200000 0.6407992652688301
39.300000 0.5345402592293339
39.400000 0.3929306415019756
39.500000 0.29553537729532814
39.600000 0.23501421067315106
39.700000 0.19845788469185296
39.800000 0.17895425049136837
39.900000 0.16990124608418508
40.000000 0.16794324936208616
40.100000 0.16977327490067082
40.200000 0.1735307161053483
40.300000 0.1786168375205949
40.400000 0.1856268834896772
40.500000 0.19718206546671072
40.600000 0.21630632066086622
40.700000 0.24538506962247936
40.800000 0.28803670258491715
40.900000 0.34206113759296525
41.000000 0.39567542593992056
41.100000 0.41234180646366225
41.200000 0.4085101582453248
41.300000 1.012073658610308
41.400000 2.428686351507987
41.500000 2.133100039112313
41.600000 0.8404334314731554
41.700000 0.8505032867495277
41.800000 0.7549074300480347
41.900000 0.6249136971193374
42.000000 0.780478041040603
42.100000 2.492943034794713
42.200000 3.565166949188142
42.300000 1.2695186701360892
42.400000 0.6660984594082495
42.500000 0.4318424659892759
42.600000 0.3095935550433111
42.700000 0.25356587500279365
42.800000 0.2265886060273783
42.900000 0.21324123355871288
43.000000 0.20936268901792535
43.100000 0.21798388063413848
43.200000 0.23824199956622868
43.300000 0.27365640598584573
43.400000 0.31989905049170125
43.500000 0.36347746370777156
43.600000 0.3672452929711832
43.700000 0.35311540689695653
43.800000 0.9969844204622927
43.900000 2.407302833694536
44.000000 1.9513794248509138
44.100000 0.6472340239784194
44.200000 0.5974852401784899
44.300000 0.4488512418450811
44.400000 0.33607175504096715
44.500000 0.26479133972244234
44.600000 0.22070179348583546
44.700000 0.19340682363510334
44.800000 0.17953871720618284
44.900000 0.17301584477739818
45.000000 0.17197699486255538
45.100000 0.1748556595768615
45.200000 0.18081001270379532
45.300000 0.19043273450598963
45.400000 0.20533466263066621
45.500000 0.22873663522726384
45.600000 0.26485436029918075
45.700000 0.31749309294323
45.800000 0.3924464138702525
45.900000 0.48867994803251885
46.000000 0.6008507084715771
46.100000 0.6794551398493603
46.200000 0.6355175727520674
46.300000 1.1574543678595735
46.400000 4.352670953491984
46.500000 5.956613052386392
46.600000 1.9015250737988
46.700000 1.110670686796887
46.800000 0.750506205722554
46.900000 0.5037942503242113
47.000000 0.359547430534851
47.100000 0.2741244180612489
47.200000 0.22266033402839658
47.300000 0.19145253098413956
47.400000 0.1706559711106438
47.500000 0.1594906743350239
47.600000 0.15297423259051798
47.700000 0.14975340784678967
47.800000 0.14807314893948506
47.900000 0.14865055763987
48.000000 0.15278565650984602
48.100000 0.16161740290091403
48.200000 0.17766006991233552
48.300000 0.2042846922577135
48.400000 0.24324796952153513
48.500000 0.2940071442554887
48.600000 0.3482473440276863
48.700000 0.37952703133523963
48.800000 0.3498460103601766
48.900000 0.6405211573685634
49.000000 2.047953821908691
49.100000 2.572388765577006
49.200000 0.8522540142761936
49.300000 0.6442266210718921
49.400000 0.4979616936970454
49.500000 0.3708986726633159
49.600000 0.2874644170446551
49.700000 0.2366319172848989
49.800000 0.20762402613398967
49.900000 0.19584965172521648
50.000000 0.19645513398393466
50.100000 0.2083547079214909
50.200000 0.22970215988867493
50.300000 0.2608133489776635
50.400000 0.3027778043432142
50.500000 0.35791141832567
50.600000 0.42055356464076
50.700000 0.46842227933833813
50.800000 0.4624451823324916
50.900000 1.1118079593310006
51.000000 3.230747046158947
51.100000 3.352035105723388
51.200000 1.0311280597625152
51.300000 0.7770350570549276
51.400000 0.5618708900960614
51.500000 0.49918673092101307
51.600000 1.4049576481215669
51.700000 2.750419796916495
51.800000 1.6288226924823357
51.900000 0.6554643540486669
52.000000 0.563219651941054
52.100000 0.39989803233006016
52.200000 0.2955770956513699
52.300000 0.2279261778406878
52.400000 0.18387901831171125
52.500000 0.15692610249619435
52.600000 0.14014376395729589
52.700000 0.13195949662476328
52.800000 0.1285235910611184
52.900000 0.12848471018518076
53.000000 0.1305347600395563
53.100000 0.13319087332040125
53.200000 0.1371970606027176
53.300000 0.14334115901801817
53.400000 0.1532871851187562
53.500000 0.16931482258837796
53.600000 0.19376770135262195
53.700000 0.22937051753719842
53.800000 0.2768314965896716
53.900000 0.33227663912452915
54.000000 0.37941459408212563
54.100000 0.37267538515400106
54.200000 0.42060943896395736
54.300000 1.4267857380135043
54.400000 2.7849659581242125
54.500000 1.5777673479561607
54.600000 0.6594670073031709
54.700000 0.5607547361017916
54.800000 0.4132298523873478
54.900000 0.32503272686119405
55.000000 0.2744671743003433
55.100000 0.2507374134704082
55.200000 0.24859926620974632
55.300000 0.26567785182659126
55.400000 0.2984963795325461
55.500000 0.3487419397878031
55.600000 0.40675888338888944
55.700000 0.44519420161660817
55.800000 0.4338181043578063
55.900000 1.2437104974815762
56.000000 3.3836055664037077
56.100000 3.0719925952569698
56.200000 0.8083072166358052
56.300000 0.5471815253695809
56.400000 0.36200090640620086
56.500000 0.31398064406286197
56.600000 0.3282548940125282
56.700000 0.3659271814990071
56.800000 0.3843039540603961
56.900000 0.3478312149492009
57.000000 0.7127866424489598
57.100000 2.244683246208021
57.200000 2.617385801395751
57.300000 0.7872478636296004
57.400000 0.6055691310682719
57.500000 0.44461304285911707
57.600000 0.31515593188242
57.700000 0.2364245221947933
57.800000 0.18556052856749156
57.900000 0.15290665211595283
58.000000 0.13272688081298048
58.100000 0.12093629167364926
58.200000 0.11538780500870467
58.300000 0.11395667012859882
58.400000 0.11526302053003709
58.500000 0.11745445116876396
58.600000 0.12046575003618663
58.700000 0.1241066018456982
58.800000 0.12906325374562896
58.900000 0.1366614810195722
59.000000 0.1492379235626085
59.100000 0.16839892908853363
59.200000 0.19688892376481382
59.300000 0.2366660921681313
59.400000 0.2879125682471595
59.500000 0.3451779710837697
59.600000 0.3804578852513765
59.700000 0.35441298368962393
59.800000 0.6113303310772538
59.900000 2.0896483050201895
60.000000 2.806397068980932
60.100000 0.9521785852594302
60.200000 0.6350092768893171
60.300000 0.4790919805986618
60.400000 0.3527808298961131
60.500000 0.27880802933990195
60.600000 0.23479674932541375
60.700000 0.21184150360478557
60.800000 0.20567969980008016
60.900000 0.21343522610011184
61.000000 0.2346000419575176
61.100000 0.26899484182930045
61.200000 0.3165669288701728
61.300000 0.3756176208899955
61.400000 0.43075940247297884
61.500000 0.43020646180903044
61.600000 0.7040785299455474
61.700000 2.706559258814097
61.800000 3.8082501416777927
61.900000 1.2604883784200025
62.000000 0.6344996680082714
62.100000 0.38756983846727183
62.200000 0.3068356631784942
62.300000 0.3073305195462926
62.400000 0.3420813486667462
62.500000 0.3565754777759519
62.600000 0.32458328065181763
62.700000 0.8484381863834674
62.800000 2.4935568387834044
62.900000 2.4889745035179973
63.000000 0.6908671088335114
63.100000 0.5555461486702823
63.200000 0.3917424564344074
63.300000 0.27753848617895455
63.400000 0.20839296610727676
63.500000 0.16328624627654345
63.600000 0.13388267167663254
63.700000 0.11524596435926414
63.800000 0.10468091444827372
63.900000 0.09989577891696039
64.000000 0.0980845432754206
64.100000 0.09910581267573874
64.200000 0.10068929043042207
64.300000 0.10274978646881384
64.400000 0.10501812589180053
64.500000 0.10722434481204886
64.600000 0.110647064232414
64.700000 0.1165396945699383
64.800000 0.12683751397241116
64.900000 0.14353540051235997
65.000000 0.16907897507628278
65.100000 0.2055180149672951
65.200000 0.25352419094922457
65.300000 0.30979894613552716
65.400000 0.3527112383417052
65.500000 0.33535520678007935
65.600000 0.4702820869330974
65.700000 1.8320308093709878
65.800000 2.961236491204683
65.900000 1.2202309091660763
66.000000 0.6144117036730544
66.100000 0.45753976915309885
66.200000 0.32487026062222496
66.300000 0.2397775623669344
66.400000 0.18822959006314416
66.500000 0.15506757979979022
66.600000 0.1339499183513537
66.700000 0.121384238819781
66.800000 0.11518298827694287
66.900000 0.11280323797264873
67.000000 0.11365803574092159
67.100000 0.11602215768268359
67.200000 0.11944252744432078
67.300000 0.1225203666146772
67.400000 0.12570764292698455
67.500000 0.1290883955288485
67.600000 0.13329337164689423
67.700000 0.14044880679095176
67.800000 0.1517492363991688
67.900000 0.1700003816966238
68.000000 0.19758053652497187
68.100000 0.23690996640474893
68.200000 0.28953377688032156
68.300000 0.3528291877714173
68.400000 0.4109660503977834
68.500000 0.41797909934380206
68.600000 0.5120441316284016
68.700000 1.7603089508087892
68.800000 3.1627055790893785
68.900000 1.677070443642025
69.000000 0.8740250477862431
69.100000 0.7791842260934775
69.200000 0.6517431189217506
69.300000 0.6732784476642204
69.400000 2.3084093185564143
69.500000 4.017867763415942
69.600000 1.8767132956688097
69.700000 0.6360380581090342
69.800000 0.3074693132567036
69.900000 0.14375641057053246
70.000000 0.09960951761540188
70.100000 0.08872116060995036
70.200000 0.08654966578701688
70.300000 0.08671863206252907
70.400000 0.0879179377555671
70.500000 0.08950349089407264
70.600000 0.09157766853816669
70.700000 0.0954593462936068
70.800000 0.10179209379225151
70.900000 0.11301319476348641
71.000000 0.13083602702808267
71.100000 0.15693487579761953
71.200000 0.19395152006141114
71.300000 0.24291086526109062
71.400000 0.2984361353626386
71.500000 0.34303393380722413
71.600000 0.32536604496024363
71.700000 0.4802049752101251
71.800000 1.920172793157855
71.900000 3.0365698376909105
72.000000 1.1879453778880291
72.100000 0.5914813131020745
72.200000 0.4236582355498636
72.300000 0.28820953408419814
72.400000 0.21025842127921307
72.500000 0.16123886051382894
72.600000 0.12754337014118056
72.700000 0.10528769354496208
72.800000 0.09098553609512336
72.900000 0.08229168222727674
73.000000 0.07749550078642556
73.100000 0.07598073858702128
73.200000 0.07667626669455085
73.300000 0.07827428480240085
73.400000 0.08060230627792234
73.500000 0.08272054901190053
73.600000 0.08480334377233853
73.700000 0.08692745127121762
73.800000 0.08982715262269694
73.900000 0.09477762341437794
74.000000 0.10309715125528016
74.100000 0.11653825045738454
74.200000 0.13721285183861404
74.300000 0.1671226061438317
74.400000 0.20804966547513143
74.500000 0.2601948233754992
74.600000 0.31699068180952206
74.700000 0.3464977710440871
74.800000 0.3174906662499742
74.900000 0.8122398556123396
75.000000 2.5741912065358528
75.100000 2.735348734662914
75.200000 0.7275828799694757
75.300000 0.5414047131479768
75.400000 0.36116763795673473
75.500000 0.24985177380306892
75.600000 0.18555603747561447
75.700000 0.14499596869731038
75.800000 0.11609304534971301
75.900000 0.09713289236806097
76.000000 0.08470754940060994
76.100000 0.07733637232706046
76.200000 0.07335493617717187
76.300000 0.0721785275522212
76.400000 0.07310061362854985
76.500000 0.07479488383212109
76.600000 0.07719919484387823
76.700000 0.07933652984076933
76.800000 0.08158463999925296
76.900000 0.08340327187844246
77.000000 0.08601398518467478
77.100000 0.08978217231128781
77.200000 0.09666246631325189
77.300000 0.10772593850824556
77.400000 0.12485780142908097
77.500000 0.1501015398160115
77.600000 0.1855746982050136
77.700000 0.2330322920597923
77.800000 0.28907007674705826
77.900000 0.3390146936315888
78.000000 0.33561262728087254
78.100000 0.40596621783822395
78.200000 1.6897723305019945
78.300000 3.1351508044836964
78.400000 1.5557852231297797
78.500000 0.6049465556264808
78.600000 0.439307489444032
78.700000 0.2884010162291832
78.800000 0.20759397464291982
78.900000 0.15755316305013778
79.000000 0.12540557832339136
79.100000 0.10337796489023307
79.200000 0.08778697303676317
79.300000 0.07791815339386911
79.400000 0.07196603009838118
79.500000 0.06905670308449069
79.600000 0.06860430749048597
79.700000 0.06992051251014454
79.800000 0.07177084798468582
79.900000 0.07426433014534574
80.000000 0.07645485887050996
80.100000 0.07860183947987526
80.200000 0.08037472805341922
80.300000 0.08274982090789534
80.400000 0.08614145371165008
80.500000 0.09203369646860866
80.600000 0.101968290261389
80.700000 0.11698778982241764
80.800000 0.13951322832678156
80.900000 0.17147287416119833
81.000000 0.21491825337640233
81.100000 0.2684360591679328
81.200000 0.32438374621652755
81.300000 0.34659708972073117
81.400000 0.3268306179445842
81.500000 1.07305908459654
81.600000 2.8971196602806644
81.700000 2.4732599694426924
81.800000 0.6561729297687903
81.900000 0.5010774506074015
82.000000 0.3242875358137088
82.100000 0.22266214957829036
82.200000 0.16903576648066407
82.300000 0.13130595660627567
82.400000 0.1064882792755355
82.500000 0.0896988619137289
82.600000 0.07813224181150352
82.700000 0.07073460941645125
82.800000 0.0666453133319517
82.900000 0.06511229691183193
83.000000 0.06551315386198177
83.100000 0.06706289906237954
83.200000 0.06924034563135446
83.300000 0.0718739777568317
83.400000 0.07398880054578791
83.500000 0.07611117976781666
83.600000 0.07773978584906853
83.700000 0.08011692605405607
83.800000 0.08318075751630269
83.900000 0.08873869983596037
84.000000 0.09800028934816386
84.100000 0.1120869925702769
84.200000 0.13308764533504283
84.300000 0.16302176853473677
84.400000 0.20412301407570577
84.500000 0.255592575389526
84.600000 0.312952438211289
84.700000 0.34683760954354953
84.800000 0.3207239398729117
84.900000 0.7832948776776865
85.000000 2.61312453318088
85.100000 2.9211910778930648
85.200000 0.7715007618141241
85.300000 0.5373775183128966
85.400000 0.3436989101044719
85.500000 0.23254014316139165
85.600000 0.17154590491629723
85.700000 0.13397028382089662
85.800000 0.10897647764072212
85.900000 0.09021937416144007
86.000000 0.07773569291280763
86.100000 0.0694342945513041
86.200000 0.06444005307492656
86.300000 0.06205194272371416
86.400000 0.06170159956977211
86.500000 0.06267504462478914
86.600000 0.06455139248964106
86.700000 0.06712418371871866
86.800000 0.06945514651446055
86.900000 0.07175486836111437
87.000000 0.07361424901124841
87.100000 0.0753314817398166
87.200000 0.07749347492776393
87.300000 0.08059246598585301
87.400000 0.08610876524736183
87.500000 0.09491788803177763
87.600000 0.10854990176241132
87.700000 0.1287381694289334
87.800000 0.15747040628658676
87.900000 0.19692341198252672
88.000000 0.24749339976393098
88.100000 0.3047953505736251
88.200000 0.34663264309408576
88.300000 0.3243671147642686
88.400000 0.6437109064631278
88.500000 2.3996578874930465
88.600000 3.14040181646128
88.700000 0.9338589240617968
88.800000 0.559222821015205
88.900000 0.35264452585400197
89.000000 0.23843806094844056
89.100000 0.1715968786276183
89.200000 0.13484480268309984
89.300000 0.1077121746172635
89.400000 0.08972425976382126
89.500000 0.07692112312757575
89.600000 0.06818834081976866
89.700000 0.062401567124905064
89.800000 0.05924633202439081
89.900000 0.0580891381951901
90.000000 0.05844628778900307
90.100000 0.059961558209987394
90.200000 0.06230962816627242
90.300000 0.06475206048815355
90.400000 0.06715435120875768
90.500000 0.06940715092999274
90.600000 0.07112000588851561
90.700000 0.07294251440182754
90.800000 0.0748215857815124
90.900000 0.07797150569989522
91.000000 0.08335242018044342
91.100000 0.09173938471893697
91.200000 0.10484804372536376
91.300000 0.12418919173511353
91.400000 0.15165656393782517
91.500000 0.18938723051303946
91.600000 0.23829682296389995
91.700000 0.29511724245912035
91.800000 0.3422772712831378
91.900000 0.3306950645638306
92.000000 0.5194285180517452
92.100000 2.1356563124738
92.200000 3.286691788036333
92.300000 1.202552677985762
92.400000 0.5772973786809068
92.500000 0.36617448204706343
92.600000 0.2398686522993969
92.700000 0.17328660291908243
92.800000 0.1332583081080093
92.900000 0.10769622560867699
93.000000 0.08939148412303191
93.100000 0.07587307729794654
93.200000 0.06645675855975398
93.300000 0.0601765730064443
93.400000 0.05638185321469931
93.500000 0.0545632871297382
93.600000 0.0542988150651435
93.700000 0.05529415541036206
93.800000 0.05723220632246097
93.900000 0.059691286642623506
94.000000 0.06209752642842265
94.100000 0.06457032644620406
94.200000 0.06663891569375097
94.300000 0.0683406031197879
94.400000 0.07012864034063039
94.500000 0.07182374899837034
94.600000 0.0747506172157571
94.700000 0.07968003259366488
94.800000 0.08730226601588509
94.900000 0.09920983621327222
95.000000 0.11685193456091802
95.100000 0.14192597804525955
95.200000 0.17665719640426525
95.300000 0.22225802568741565
95.400000 0.2775506962993625
95.500000 0.33190830879473415
95.600000 0.34322038971488317
95.700000 0.3733695044358574
95.800000 1.5749086338211358
95.900000 3.288568397728617
96.000000 1.9733678454051227
96.100000 0.611561997798751
96.200000 0.41004639540812504
96.300000 0.25529327480246783
96.400000 0.18057287970757938
96.500000 0.13640693131655485
96.600000 0.10936219765442859
96.700000 0.0901854674720086
96.800000 0.07672001028987696
96.900000 0.06621608282249448
97.000000 0.05900581834569972
97.100000 0.05426337609714901
97.200000 0.05148759107809124
97.300000 0.050328591920982345
97.400000 0.05055075258823784
97.500000 0.05175040391232586
97.600000 0.05375468555957564
97.700000 0.05627273174367659
97.800000 0.05875285709861699
97.900000 0.06114699272275241
98.000000 0.06340339233299476
98.100000 0.06499578749229563
98.200000 0.06654842785237965
98.300000 0.0682954068155299
98.400000 0.07048744850003918
98.500000 0.07424870117460766
98.600000 0.0804905582396076
98.700000 0.09025571306050331
98.800000 0.10464647164687643
98.900000 0.12541560184481088
99.000000 0.15402761032183304
99.100000 0.19251391128034678
99.200000 0.2430446102485075
99.300000 0.30066482220965735
99.400000 0.3462741574700287
99.500000 0.3271296667811449
99.600000 0.6419489326881392
99.700000 2.468185337757061
99.800000 3.2786680540061433
99.900000 0.9729435574765559
