0.000000 499999.99999999994 0.0 0.0
0.100000 291.71442713822324 453.9826342603303 684.258045164407
0.200000 162.3113739164683 208.40741551411134 381.8842694990998
0.300000 86.77460592617646 102.2073185331873 179.76635643160986
0.400000 46.2084802534457 51.23701839228056 85.11235672694627
0.500000 24.822746642000347 26.64106654730602 41.4285314264351
0.600000 13.58546357460577 14.269429099400542 20.998109243230978
0.700000 7.565947214488443 7.771512199361562 11.09070020987035
0.800000 4.283792060288949 4.320746682173748 6.02369655997581
0.900000 2.437704281249564 2.432442452593442 3.360623431081233
1.000000 1.3953537439326256 1.3800892129878226 1.9029851704210896
1.100000 0.8007313308411311 0.7875825481118425 1.087568513358228
1.200000 0.46038062347930614 0.451331774353747 0.6251845585891758
1.300000 0.2650627530298433 0.25938758021482045 0.3606176386394821
1.400000 0.15275828825211946 0.14936189515202258 0.20839196462896223
1.500000 0.08809515738006367 0.08611300751359961 0.120575945317114
1.600000 0.05082684587098817 0.049685344061245466 0.06977434713340003
1.700000 0.029333171019940704 0.028679993391289568 0.04036907369497911
1.800000 0.016931748386683765 0.016558874771366305 0.023348531663636148
1.900000 0.009774385512084649 0.00956153834996698 0.013499361761759586
2.000000 0.0056428847705625165 0.005521247092854508 0.0078022353022788584
2.100000 0.003257796832301096 0.0031881695283786367 0.004508139928027788
2.200000 0.0018808330726205467 0.0018409084923121097 0.0026041861111991693
2.300000 0.0010858648036293772 0.0010629354729729812 0.0015040625855888832
2.400000 0.0006269003316461408 0.0006137138242046092 0.0008685585806134099
2.500000 0.00036192432384396506 0.00035433257439265725 0.0005015198589752856
2.600000 0.00020894578289798457 0.00020457138205642875 0.000289564838773515
2.700000 0.00012062751353347777 0.00011810539213286118 0.0001671791260982047
2.800000 6.963964960249314e-05 6.818483555548482e-05 9.651713872571575e-05
2.900000 4.0203584905640355e-05 3.9364145276721274e-05 5.572087236060951e-05
3.000000 2.3209800747991945e-05 2.2725343828966512e-05 3.216792388016643e-05
3.100000 1.3399148457438058e-05 1.3119505481995473e-05 1.8570578408372285e-05
3.200000 7.735384555118685e-06 7.573952576223063e-06 1.0720857535062576e-05
3.300000 4.4656667252951365e-06 4.372469053492978e-06 6.189093681996382e-06
3.400000 2.5780377832518298e-06 2.524247477708741e-06 3.5729641467696634e-06
3.500000 1.4883039245461303e-06 1.4572565376624878e-06 2.0625945396091083e-06
3.600000 8.592071498725317e-07 8.412714969097123e-07 1.1907363983709729e-06
3.700000 4.960254429420274e-07 4.856670621222747e-07 6.874056879269118e-07
3.800000 2.863542736264435e-07 2.803868248690833e-07 3.970157536059559e-07
3.900000 1.6531220836668578e-07 1.618705169903478e-07 2.2916113451287854e-07
4.000000 9.543477119677844e-08 9.344747198269941e-08 1.323274823050724e-07
4.100000 5.509481759702339e-08 5.39568389967826e-08 7.631673071273326e-08
4.200000 3.1807889655510735e-08 3.114175584073564e-08 4.4197978610327475e-08
4.300000 1.836308882730009e-08 1.7974510768681284e-08 2.5457413954654836e-08
4.400000 1.0597078770047118e-08 1.0380585280245212e-08 1.4632739464559562e-08
4.500000 6.117328865684612e-09 5.9952043329758445e-09 8.615330671091215e-09
4.600000 3.5305092183079974e-09 3.463895836830488e-09 4.929390229335695e-09
4.700000 2.0372592501871623e-09 1.9984014443252818e-09 2.8088642523016456e-09
4.800000 1.176836406102666e-09 1.1546319456101628e-09 1.5432100042289674e-09
4.900000 6.827871601444712e-10 6.661338147750938e-10 1.0658141036401503e-09
5.000000 3.941291737419305e-10 3.8857805861880474e-10 7.771561172376095e-10
5.100000 2.2759572004815706e-10 2.2204460492503128e-10 5.329070518200751e-10
5.200000 1.3322676295501878e-10 1.3322676295501878e-10 5.218048215738236e-10
5.300000 7.771561172376096e-11 7.771561172376096e-11 3.330669073875469e-10
5.400000 4.4408920985006255e-11 4.4408920985006255e-11 4.4408920985006256e-10
5.500000 2.775557561562891e-11 3.3306690738754696e-11 3.996802888650563e-10
5.600000 2.2204460492503128e-11 2.2204460492503128e-11 3.663735981263016e-10
5.700000 1.1102230246251564e-11 2.2204460492503128e-11 3.011479954295737e-10
5.800000 1.1102230246251564e-11 2.2204460492503128e-11 2.7478019859472624e-10
5.900000 1.1102230246251564e-11 1.1102230246251564e-11 2.1094237467877972e-10
6.000000 1.1102230246251564e-11 2.2204460492503128e-11 1.7763568394002502e-10
6.100000 1.1102230246251564e-11 2.2204460492503128e-11 3.358424649491098e-10
6.200000 1.1102230246251564e-11 5.551115123125782e-12 3.441691376337985e-10
6.300000 1.1102230246251564e-11 2.2204460492503128e-11 3.358424649491098e-10
6.400000 5.551115123125782e-12 2.2204460492503128e-11 3.386180225106727e-10
6.500000 5.551115123125782e-12 2.2204460492503128e-11 3.386180225106727e-10
6.600000 5.551115123125782e-12 2.2204460492503128e-11 3.386180225106727e-10
6.700000 5.551115123125782e-12 2.2204460492503128e-11 3.386180225106727e-10
6.800000 5.551115123125782e-12 2.2204460492503128e-11 3.386180225106727e-10
6.900000 5.551115123125782e-12 2.2204460492503128e-11 3.386180225106727e-10
7.000000 5.551115123125782e-12 2.2204460492503128e-11 3.386180225106727e-10
7.100000 5.551115123125782e-12 2.2204460492503128e-11 3.386180225106727e-10
7.200000 5.551115123125782e-12 2.2204460492503128e-11 3.386180225106727e-10
7.300000 5.551115123125782e-12 2.2204460492503128e-11 3.386180225106727e-10
7.400000 5.551115123125782e-12 2.2204460492503128e-11 3.386180225106727e-10
7.500000 5.551115123125782e-12 2.2204460492503128e-11 3.386180225106727e-10
7.600000 5.551115123125782e-12 2.2204460492503128e-11 3.386180225106727e-10
7.700000 5.551115123125782e-12 2.2204460492503128e-11 3.386180225106727e-10
7.800000 5.551115123125782e-12 2.2204460492503128e-11 3.386180225106727e-10
7.900000 5.551115123125782e-12 2.2204460492503128e-11 3.386180225106727e-10
8.000000 5.551115123125782e-12 2.2204460492503128e-11 3.386180225106727e-10
8.100000 5.551115123125782e-12 2.2204460492503128e-11 3.386180225106727e-10
8.200000 5.551115123125782e-12 2.2204460492503128e-11 3.386180225106727e-10
8.300000 5.551115123125782e-12 2.2204460492503128e-11 3.386180225106727e-10
8.400000 5.551115123125782e-12 2.2204460492503128e-11 3.386180225106727e-10
8.500000 5.551115123125782e-12 2.2204460492503128e-11 3.386180225106727e-10
8.600000 5.551115123125782e-12 2.2204460492503128e-11 3.386180225106727e-10
8.700000 5.551115123125782e-12 2.2204460492503128e-11 3.386180225106727e-10
8.800000 5.551115123125782e-12 2.2204460492503128e-11 3.386180225106727e-10
8.900000 5.551115123125782e-12 2.2204460492503128e-11 3.386180225106727e-10
9.000000 5.551115123125782e-12 2.2204460492503128e-11 3.386180225106727e-10
9.100000 5.551115123125782e-12 2.2204460492503128e-11 3.386180225106727e-10
9.200000 5.551115123125782e-12 2.2204460492503128e-11 3.386180225106727e-10
9.300000 5.551115123125782e-12 2.2204460492503128e-11 3.386180225106727e-10
9.400000 5.551115123125782e-12 2.2204460492503128e-11 3.386180225106727e-10
9.500000 5.551115123125782e-12 2.2204460492503128e-11 3.386180225106727e-10
9.600000 5.551115123125782e-12 2.2204460492503128e-11 3.386180225106727e-10
9.700000 5.551115123125782e-12 2.2204460492503128e-11 3.386180225106727e-10
9.800000 5.551115123125782e-12 2.2204460492503128e-11 3.386180225106727e-10
9.900000 5.551115123125782e-12 2.2204460492503128e-11 3.386180225106727e-10
10.000000 5.551115123125782e-12 2.2204460492503128e-11 3.386180225106727e-10
10.100000 5.551115123125782e-12 2.2204460492503128e-11 3.386180225106727e-10
10.200000 5.551115123125782e-12 2.2204460492503128e-11 3.386180225106727e-10
10.300000 5.551115123125782e-12 2.2204460492503128e-11 3.386180225106727e-10
10.400000 5.551115123125782e-12 2.2204460492503128e-11 3.386180225106727e-10
10.500000 5.551115123125782e-12 2.2204460492503128e-11 3.386180225106727e-10
10.600000 5.551115123125782e-12 2.2204460492503128e-11 3.386180225106727e-10
10.700000 5.551115123125782e-12 2.2204460492503128e-11 3.386180225106727e-10
10.800000 5.551115123125782e-12 2.2204460492503128e-11 3.386180225106727e-10
10.900000 5.551115123125782e-12 2.2204460492503128e-11 3.386180225106727e-10
11.000000 5.551115123125782e-12 2.2204460492503128e-11 3.386180225106727e-10
11.100000 5.551115123125782e-12 2.2204460492503128e-11 3.386180225106727e-10
11.200000 5.551115123125782e-12 2.2204460492503128e-11 3.386180225106727e-10
11.300000 5.551115123125782e-12 2.2204460492503128e-11 3.386180225106727e-10
11.400000 5.551115123125782e-12 2.2204460492503128e-11 3.386180225106727e-10
11.500000 5.551115123125782e-12 2.2204460492503128e-11 3.386180225106727e-10
11.600000 5.551115123125782e-12 2.2204460492503128e-11 3.386180225106727e-10
11.700000 5.551115123125782e-12 2.2204460492503128e-11 3.386180225106727e-10
11.800000 5.551115123125782e-12 2.2204460492503128e-11 3.386180225106727e-10
11.900000 5.551115123125782e-12 2.2204460492503128e-11 3.386180225106727e-10
12.000000 5.551115123125782e-12 2.2204460492503128e-11 3.386180225106727e-10
12.100000 5.551115123125782e-12 2.2204460492503128e-11 3.386180225106727e-10
12.200000 5.551115123125782e-12 2.2204460492503128e-11 3.386180225106727e-10
12.300000 5.551115123125782e-12 2.2204460492503128e-11 3.386180225106727e-10
12.400000 5.551115123125782e-12 2.2204460492503128e-11 3.386180225106727e-10
12.500000 5.551115123125782e-12 2.2204460492503128e-11 3.386180225106727e-10
12.600000 5.551115123125782e-12 2.2204460492503128e-11 3.386180225106727e-10
12.700000 5.551115123125782e-12 2.2204460492503128e-11 3.386180225106727e-10
12.800000 5.551115123125782e-12 2.2204460492503128e-11 3.386180225106727e-10
12.900000 5.551115123125782e-12 2.2204460492503128e-11 3.386180225106727e-10
13.000000 5.551115123125782e-12 2.2204460492503128e-11 3.386180225106727e-10
13.100000 5.551115123125782e-12 2.2204460492503128e-11 3.386180225106727e-10
13.200000 5.551115123125782e-12 2.2204460492503128e-11 3.386180225106727e-10
13.300000 5.551115123125782e-12 2.2204460492503128e-11 3.386180225106727e-10
13.400000 5.551115123125782e-12 2.2204460492503128e-11 3.386180225106727e-10
13.500000 5.551115123125782e-12 2.2204460492503128e-11 3.386180225106727e-10
13.600000 5.551115123125782e-12 2.2204460492503128e-11 3.386180225106727e-10
13.700000 5.551115123125782e-12 2.2204460492503128e-11 3.386180225106727e-10
13.800000 5.551115123125782e-12 2.2204460492503128e-11 3.386180225106727e-10
13.900000 5.551115123125782e-12 2.2204460492503128e-11 3.386180225106727e-10
14.000000 5.551115123125782e-12 2.2204460492503128e-11 3.386180225106727e-10
14.100000 5.551115123125782e-12 2.2204460492503128e-11 3.386180225106727e-10
14.200000 5.551115123125782e-12 2.2204460492503128e-11 3.386180225106727e-10
14.300000 5.551115123125782e-12 2.2204460492503128e-11 3.386180225106727e-10
14.400000 5.551115123125782e-12 2.2204460492503128e-11 3.386180225106727e-10
14.500000 5.551115123125782e-12 2.2204460492503128e-11 3.386180225106727e-10
14.600000 5.551115123125782e-12 2.2204460492503128e-11 3.386180225106727e-10
14.700000 5.551115123125782e-12 2.2204460492503128e-11 3.386180225106727e-10
14.800000 5.551115123125782e-12 2.2204460492503128e-11 3.386180225106727e-10
14.900000 5.551115123125782e-12 2.2204460492503128e-11 3.386180225106727e-10
15.000000 5.551115123125782e-12 2.2204460492503128e-11 3.386180225106727e-10
15.100000 5.551115123125782e-12 2.2204460492503128e-11 3.386180225106727e-10
15.200000 5.551115123125782e-12 2.2204460492503128e-11 3.386180225106727e-10
15.300000 5.551115123125782e-12 2.2204460492503128e-11 3.386180225106727e-10
15.400000 5.551115123125782e-12 2.2204460492503128e-11 3.386180225106727e-10
15.500000 5.551115123125782e-12 2.2204460492503128e-11 3.386180225106727e-10
15.600000 5.551115123125782e-12 2.2204460492503128e-11 3.386180225106727e-10
15.700000 5.551115123125782e-12 2.2204460492503128e-11 3.386180225106727e-10
15.800000 5.551115123125782e-12 2.2204460492503128e-11 3.386180225106727e-10
15.900000 5.551115123125782e-12 2.2204460492503128e-11 3.386180225106727e-10
16.000000 5.551115123125782e-12 2.2204460492503128e-11 3.386180225106727e-10
16.100000 5.551115123125782e-12 2.2204460492503128e-11 3.386180225106727e-10
16.200000 5.551115123125782e-12 2.2204460492503128e-11 3.386180225106727e-10
16.300000 5.551115123125782e-12 2.2204460492503128e-11 3.386180225106727e-10
16.400000 5.551115123125782e-12 2.2204460492503128e-11 3.386180225106727e-10
16.500000 5.551115123125782e-12 2.2204460492503128e-11 3.386180225106727e-10
16.600000 5.551115123125782e-12 2.2204460492503128e-11 3.386180225106727e-10
16.700000 5.551115123125782e-12 2.2204460492503128e-11 3.386180225106727e-10
16.800000 5.551115123125782e-12 2.2204460492503128e-11 3.386180225106727e-10
16.900000 5.551115123125782e-12 2.2204460492503128e-11 3.386180225106727e-10
17.000000 5.551115123125782e-12 2.2204460492503128e-11 3.386180225106727e-10
17.100000 5.551115123125782e-12 2.2204460492503128e-11 3.386180225106727e-10
17.200000 5.551115123125782e-12 2.2204460492503128e-11 3.386180225106727e-10
17.300000 5.551115123125782e-12 2.2204460492503128e-11 3.386180225106727e-10
17.400000 5.551115123125782e-12 2.2204460492503128e-11 3.386180225106727e-10
17.500000 5.551115123125782e-12 2.2204460492503128e-11 3.386180225106727e-10
17.600000 5.551115123125782e-12 2.2204460492503128e-11 3.386180225106727e-10
17.700000 5.551115123125782e-12 2.2204460492503128e-11 3.386180225106727e-10
17.800000 5.551115123125782e-12 2.2204460492503128e-11 3.386180225106727e-10
17.900000 5.551115123125782e-12 2.2204460492503128e-11 3.386180225106727e-10
18.000000 5.551115123125782e-12 2.2204460492503128e-11 3.386180225106727e-10
18.100000 5.551115123125782e-12 2.2204460492503128e-11 3.386180225106727e-10
18.200000 5.551115123125782e-12 2.2204460492503128e-11 3.386180225106727e-10
18.300000 5.551115123125782e-12 2.2204460492503128e-11 3.386180225106727e-10
18.400000 5.551115123125782e-12 2.2204460492503128e-11 3.386180225106727e-10
18.500000 5.551115123125782e-12 2.2204460492503128e-11 3.386180225106727e-10
18.600000 5.551115123125782e-12 2.2204460492503128e-11 3.386180225106727e-10
18.700000 5.551115123125782e-12 2.2204460492503128e-11 3.386180225106727e-10
18.800000 5.551115123125782e-12 2.2204460492503128e-11 3.386180225106727e-10
18.900000 5.551115123125782e-12 2.2204460492503128e-11 3.386180225106727e-10
19.000000 5.551115123125782e-12 2.2204460492503128e-11 3.386180225106727e-10
19.100000 5.551115123125782e-12 2.2204460492503128e-11 3.386180225106727e-10
19.200000 5.551115123125782e-12 2.2204460492503128e-11 3.386180225106727e-10
19.300000 5.551115123125782e-12 2.2204460492503128e-11 3.386180225106727e-10
19.400000 5.551115123125782e-12 2.2204460492503128e-11 3.386180225106727e-10
19.500000 5.551115123125782e-12 2.2204460492503128e-11 3.386180225106727e-10
19.600000 5.551115123125782e-12 2.2204460492503128e-11 3.386180225106727e-10
19.700000 5.551115123125782e-12 2.2204460492503128e-11 3.386180225106727e-10
19.800000 5.551115123125782e-12 2.2204460492503128e-11 3.386180225106727e-10
19.900000 5.551115123125782e-12 2.2204460492503128e-11 3.386180225106727e-10
20.000000 5.551115123125782e-12 2.2204460492503128e-11 3.386180225106727e-10
20.100000 5.551115123125782e-12 2.2204460492503128e-11 3.386180225106727e-10
20.200000 5.551115123125782e-12 2.2204460492503128e-11 3.386180225106727e-10
20.300000 5.551115123125782e-12 2.2204460492503128e-11 3.386180225106727e-10
20.400000 5.551115123125782e-12 2.2204460492503128e-11 3.386180225106727e-10
20.500000 5.551115123125782e-12 2.2204460492503128e-11 3.386180225106727e-10
20.600000 5.551115123125782e-12 2.2204460492503128e-11 3.386180225106727e-10
20.700000 5.551115123125782e-12 2.2204460492503128e-11 3.386180225106727e-10
20.800000 5.551115123125782e-12 2.2204460492503128e-11 3.386180225106727e-10
20.900000 5.551115123125782e-12 2.2204460492503128e-11 3.386180225106727e-10
21.000000 5.551115123125782e-12 2.2204460492503128e-11 3.386180225106727e-10
21.100000 5.551115123125782e-12 2.2204460492503128e-11 3.386180225106727e-10
21.200000 5.551115123125782e-12 2.2204460492503128e-11 3.386180225106727e-10
21.300000 5.551115123125782e-12 2.2204460492503128e-11 3.386180225106727e-10
21.400000 5.551115123125782e-12 2.2204460492503128e-11 3.386180225106727e-10
21.500000 5.551115123125782e-12 2.2204460492503128e-11 3.386180225106727e-10
21.600000 5.551115123125782e-12 2.2204460492503128e-11 3.386180225106727e-10
21.700000 5.551115123125782e-12 2.2204460492503128e-11 3.386180225106727e-10
21.800000 5.551115123125782e-12 2.2204460492503128e-11 3.386180225106727e-10
21.900000 5.551115123125782e-12 2.2204460492503128e-11 3.386180225106727e-10
22.000000 5.551115123125782e-12 2.2204460492503128e-11 3.386180225106727e-10
22.100000 5.551115123125782e-12 2.2204460492503128e-11 3.386180225106727e-10
22.200000 5.551115123125782e-12 2.2204460492503128e-11 3.386180225106727e-10
22.300000 5.551115123125782e-12 2.2204460492503128e-11 3.386180225106727e-10
22.400000 5.551115123125782e-12 2.2204460492503128e-11 3.386180225106727e-10
22.500000 5.551115123125782e-12 2.2204460492503128e-11 3.386180225106727e-10
22.600000 5.551115123125782e-12 2.2204460492503128e-11 3.386180225106727e-10
22.700000 5.551115123125782e-12 2.2204460492503128e-11 3.386180225106727e-10
22.800000 5.551115123125782e-12 2.2204460492503128e-11 3.386180225106727e-10
22.900000 5.551115123125782e-12 2.2204460492503128e-11 3.386180225106727e-10
23.000000 5.551115123125782e-12 2.2204460492503128e-11 3.386180225106727e-10
23.100000 5.551115123125782e-12 2.2204460492503128e-11 3.386180225106727e-10
23.200000 5.551115123125782e-12 2.2204460492503128e-11 3.386180225106727e-10
23.300000 5.551115123125782e-12 2.2204460492503128e-11 3.386180225106727e-10
23.400000 5.551115123125782e-12 2.2204460492503128e-11 3.386180225106727e-10
23.500000 5.551115123125782e-12 2.2204460492503128e-11 3.386180225106727e-10
23.600000 5.551115123125782e-12 2.2204460492503128e-11 3.386180225106727e-10
23.700000 5.551115123125782e-12 2.2204460492503128e-11 3.386180225106727e-10
23.800000 5.551115123125782e-12 2.2204460492503128e-11 3.386180225106727e-10
23.900000 5.551115123125782e-12 2.2204460492503128e-11 3.386180225106727e-10
24.000000 5.551115123125782e-12 2.2204460492503128e-11 3.386180225106727e-10
24.100000 5.551115123125782e-12 2.2204460492503128e-11 3.386180225106727e-10
24.200000 5.551115123125782e-12 2.2204460492503128e-11 3.386180225106727e-10
24.300000 5.551115123125782e-12 2.2204460492503128e-11 3.386180225106727e-10
24.400000 5.551115123125782e-12 2.2204460492503128e-11 3.386180225106727e-10
24.500000 5.551115123125782e-12 2.2204460492503128e-11 3.386180225106727e-10
24.600000 5.551115123125782e-12 2.2204460492503128e-11 3.386180225106727e-10
24.700000 5.551115123125782e-12 2.2204460492503128e-11 3.386180225106727e-10
24.800000 5.551115123125782e-12 2.2204460492503128e-11 3.386180225106727e-10
24.900000 5.551115123125782e-12 2.2204460492503128e-11 3.386180225106727e-10
25.000000 5.551115123125782e-12 2.2204460492503128e-11 3.386180225106727e-10
25.100000 5.551115123125782e-12 2.2204460492503128e-11 3.386180225106727e-10
25.200000 5.551115123125782e-12 2.2204460492503128e-11 3.386180225106727e-10
25.300000 5.551115123125782e-12 2.2204460492503128e-11 3.386180225106727e-10
25.400000 5.551115123125782e-12 2.2204460492503128e-11 3.386180225106727e-10
25.500000 5.551115123125782e-12 2.2204460492503128e-11 3.386180225106727e-10
25.600000 5.551115123125782e-12 2.2204460492503128e-11 3.386180225106727e-10
25.700000 5.551115123125782e-12 2.2204460492503128e-11 3.386180225106727e-10
25.800000 5.551115123125782e-12 2.2204460492503128e-11 3.386180225106727e-10
25.900000 5.551115123125782e-12 2.2204460492503128e-11 3.386180225106727e-10
26.000000 5.551115123125782e-12 2.2204460492503128e-11 3.386180225106727e-10
26.100000 5.551115123125782e-12 2.2204460492503128e-11 3.386180225106727e-10
26.200000 5.551115123125782e-12 2.2204460492503128e-11 3.386180225106727e-10
26.300000 5.551115123125782e-12 2.2204460492503128e-11 3.386180225106727e-10
26.400000 5.551115123125782e-12 2.2204460492503128e-11 3.386180225106727e-10
26.500000 5.551115123125782e-12 2.2204460492503128e-11 3.386180225106727e-10
26.600000 5.551115123125782e-12 2.2204460492503128e-11 3.386180225106727e-10
26.700000 5.551115123125782e-12 2.2204460492503128e-11 3.386180225106727e-10
26.800000 5.551115123125782e-12 2.2204460492503128e-11 3.386180225106727e-10
26.900000 5.551115123125782e-12 2.2204460492503128e-11 3.386180225106727e-10
27.000000 5.551115123125782e-12 2.2204460492503128e-11 3.386180225106727e-10
27.100000 5.551115123125782e-12 2.2204460492503128e-11 3.386180225106727e-10
27.200000 5.551115123125782e-12 2.2204460492503128e-11 3.386180225106727e-10
27.300000 5.551115123125782e-12 2.2204460492503128e-11 3.386180225106727e-10
27.400000 5.551115123125782e-12 2.2204460492503128e-11 3.386180225106727e-10
27.500000 5.551115123125782e-12 2.2204460492503128e-11 3.386180225106727e-10
27.600000 5.551115123125782e-12 2.2204460492503128e-11 3.386180225106727e-10
27.700000 5.551115123125782e-12 2.2204460492503128e-11 3.386180225106727e-10
27.800000 5.551115123125782e-12 2.2204460492503128e-11 3.386180225106727e-10
27.900000 5.551115123125782e-12 2.2204460492503128e-11 3.386180225106727e-10
28.000000 5.551115123125782e-12 2.2204460492503128e-11 3.386180225106727e-10
28.100000 5.551115123125782e-12 2.2204460492503128e-11 3.386180225106727e-10
28.200000 5.551115123125782e-12 2.2204460492503128e-11 3.386180225106727e-10
28.300000 5.551115123125782e-12 2.2204460492503128e-11 3.386180225106727e-10
28.400000 5.551115123125782e-12 2.2204460492503128e-11 3.386180225106727e-10
28.500000 5.551115123125782e-12 2.2204460492503128e-11 3.386180225106727e-10
28.600000 5.551115123125782e-12 2.2204460492503128e-11 3.386180225106727e-10
28.700000 5.551115123125782e-12 2.2204460492503128e-11 3.386180225106727e-10
28.800000 5.551115123125782e-12 2.2204460492503128e-11 3.386180225106727e-10
28.900000 5.551115123125782e-12 2.2204460492503128e-11 3.386180225106727e-10
29.000000 5.551115123125782e-12 2.2204460492503128e-11 3.386180225106727e-10
29.100000 5.551115123125782e-12 2.2204460492503128e-11 3.386180225106727e-10
29.200000 5.551115123125782e-12 2.2204460492503128e-11 3.386180225106727e-10
29.300000 5.551115123125782e-12 2.2204460492503128e-11 3.386180225106727e-10
29.400000 5.551115123125782e-12 2.2204460492503128e-11 3.386180225106727e-10
29.500000 5.551115123125782e-12 2.2204460492503128e-11 3.386180225106727e-10
29.600000 5.551115123125782e-12 2.2204460492503128e-11 3.386180225106727e-10
29.700000 5.551115123125782e-12 2.2204460492503128e-11 3.386180225106727e-10
29.800000 5.551115123125782e-12 2.2204460492503128e-11 3.386180225106727e-10
29.900000 5.551115123125782e-12 2.2204460492503128e-11 3.386180225106727e-10
30.000000 5.551115123125782e-12 2.2204460492503128e-11 3.386180225106727e-10
30.100000 5.551115123125782e-12 2.2204460492503128e-11 3.386180225106727e-10
30.200000 5.551115123125782e-12 2.2204460492503128e-11 3.386180225106727e-10
30.300000 5.551115123125782e-12 2.2204460492503128e-11 3.386180225106727e-10
30.400000 5.551115123125782e-12 2.2204460492503128e-11 3.386180225106727e-10
30.500000 5.551115123125782e-12 2.2204460492503128e-11 3.386180225106727e-10
30.600000 5.551115123125782e-12 2.2204460492503128e-11 3.386180225106727e-10
30.700000 5.551115123125782e-12 2.2204460492503128e-11 3.386180225106727e-10
30.800000 5.551115123125782e-12 2.2204460492503128e-11 3.386180225106727e-10
30.900000 5.551115123125782e-12 2.2204460492503128e-11 3.386180225106727e-10
31.000000 5.551115123125782e-12 2.2204460492503128e-11 3.386180225106727e-10
31.100000 5.551115123125782e-12 2.2204460492503128e-11 3.386180225106727e-10
31.200000 5.551115123125782e-12 2.2204460492503128e-11 3.386180225106727e-10
31.300000 5.551115123125782e-12 2.2204460492503128e-11 3.386180225106727e-10
31.400000 5.551115123125782e-12 2.2204460492503128e-11 3.386180225106727e-10
31.500000 5.551115123125782e-12 2.2204460492503128e-11 3.386180225106727e-10
31.600000 5.551115123125782e-12 2.2204460492503128e-11 3.386180225106727e-10
31.700000 5.551115123125782e-12 2.2204460492503128e-11 3.386180225106727e-10
31.800000 5.551115123125782e-12 2.2204460492503128e-11 3.386180225106727e-10
31.900000 5.551115123125782e-12 2.2204460492503128e-11 3.386180225106727e-10
32.000000 5.551115123125782e-12 2.2204460492503128e-11 3.386180225106727e-10
32.100000 5.551115123125782e-12 2.2204460492503128e-11 3.386180225106727e-10
32.200000 5.551115123125782e-12 2.2204460492503128e-11 3.386180225106727e-10
32.300000 5.551115123125782e-12 2.2204460492503128e-11 3.386180225106727e-10
32.400000 5.551115123125782e-12 2.2204460492503128e-11 3.386180225106727e-10
32.500000 5.551115123125782e-12 2.2204460492503128e-11 3.386180225106727e-10
32.600000 5.551115123125782e-12 2.2204460492503128e-11 3.386180225106727e-10
32.700000 5.551115123125782e-12 2.2204460492503128e-11 3.386180225106727e-10
32.800000 5.551115123125782e-12 2.2204460492503128e-11 3.386180225106727e-10
32.900000 5.551115123125782e-12 2.2204460492503128e-11 3.386180225106727e-10
33.000000 5.551115123125782e-12 2.2204460492503128e-11 3.386180225106727e-10
33.100000 5.551115123125782e-12 2.2204460492503128e-11 3.386180225106727e-10
33.200000 5.551115123125782e-12 2.2204460492503128e-11 3.386180225106727e-10
33.300000 5.551115123125782e-12 2.2204460492503128e-11 3.386180225106727e-10
33.400000 5.551115123125782e-12 2.2204460492503128e-11 3.386180225106727e-10
33.500000 5.551115123125782e-12 2.2204460492503128e-11 3.386180225106727e-10
33.600000 5.551115123125782e-12 2.2204460492503128e-11 3.386180225106727e-10
33.700000 5.551115123125782e-12 2.2204460492503128e-11 3.386180225106727e-10
33.800000 5.551115123125782e-12 2.2204460492503128e-11 3.386180225106727e-10
33.900000 5.551115123125782e-12 2.2204460492503128e-11 3.386180225106727e-10
34.000000 5.551115123125782e-12 2.2204460492503128e-11 3.386180225106727e-10
34.100000 5.551115123125782e-12 2.2204460492503128e-11 3.386180225106727e-10
34.200000 5.551115123125782e-12 2.2204460492503128e-11 3.386180225106727e-10
34.300000 5.551115123125782e-12 2.2204460492503128e-11 3.386180225106727e-10
34.400000 5.551115123125782e-12 2.2204460492503128e-11 3.386180225106727e-10
34.500000 5.551115123125782e-12 2.2204460492503128e-11 3.386180225106727e-10
34.600000 5.551115123125782e-12 2.2204460492503128e-11 3.386180225106727e-10
34.700000 5.551115123125782e-12 2.2204460492503128e-11 3.386180225106727e-10
34.800000 5.551115123125782e-12 2.2204460492503128e-11 3.386180225106727e-10
34.900000 5.551115123125782e-12 2.2204460492503128e-11 3.386180225106727e-10
35.000000 5.551115123125782e-12 2.2204460492503128e-11 3.386180225106727e-10
35.100000 5.551115123125782e-12 2.2204460492503128e-11 3.386180225106727e-10
35.200000 5.551115123125782e-12 2.2204460492503128e-11 3.386180225106727e-10
35.300000 5.551115123125782e-12 2.2204460492503128e-11 3.386180225106727e-10
35.400000 5.551115123125782e-12 2.2204460492503128e-11 3.386180225106727e-10
35.500000 5.551115123125782e-12 2.2204460492503128e-11 3.386180225106727e-10
35.600000 5.551115123125782e-12 2.2204460492503128e-11 3.386180225106727e-10
35.700000 5.551115123125782e-12 2.2204460492503128e-11 3.386180225106727e-10
35.800000 5.551115123125782e-12 2.2204460492503128e-11 3.386180225106727e-10
35.900000 5.551115123125782e-12 2.2204460492503128e-11 3.386180225106727e-10
36.000000 5.551115123125782e-12 2.2204460492503128e-11 3.386180225106727e-10
36.100000 5.551115123125782e-12 2.2204460492503128e-11 3.386180225106727e-10
36.200000 5.551115123125782e-12 2.2204460492503128e-11 3.386180225106727e-10
36.300000 5.551115123125782e-12 2.2204460492503128e-11 3.386180225106727e-10
36.400000 5.551115123125782e-12 2.2204460492503128e-11 3.386180225106727e-10
36.500000 5.551115123125782e-12 2.2204460492503128e-11 3.386180225106727e-10
36.600000 5.551115123125782e-12 2.2204460492503128e-11 3.386180225106727e-10
36.700000 5.551115123125782e-12 2.2204460492503128e-11 3.386180225106727e-10
36.800000 5.551115123125782e-12 2.2204460492503128e-11 3.386180225106727e-10
36.900000 5.551115123125782e-12 2.2204460492503128e-11 3.386180225106727e-10
37.000000 5.551115123125782e-12 2.2204460492503128e-11 3.386180225106727e-10
37.100000 5.551115123125782e-12 2.2204460492503128e-11 3.386180225106727e-10
37.200000 5.551115123125782e-12 2.2204460492503128e-11 3.386180225106727e-10
37.300000 5.551115123125782e-12 2.2204460492503128e-11 3.386180225106727e-10
37.400000 5.551115123125782e-12 2.2204460492503128e-11 3.386180225106727e-10
37.500000 5.551115123125782e-12 2.2204460492503128e-11 3.386180225106727e-10
37.600000 5.551115123125782e-12 2.2204460492503128e-11 3.386180225106727e-10
37.700000 5.551115123125782e-12 2.2204460492503128e-11 3.386180225106727e-10
37.800000 5.551115123125782e-12 2.2204460492503128e-11 3.386180225106727e-10
37.900000 5.551115123125782e-12 2.2204460492503128e-11 3.386180225106727e-10
38.000000 5.551115123125782e-12 2.2204460492503128e-11 3.386180225106727e-10
38.100000 5.551115123125782e-12 2.2204460492503128e-11 3.386180225106727e-10
38.200000 5.551115123125782e-12 2.2204460492503128e-11 3.386180225106727e-10
38.300000 5.551115123125782e-12 2.2204460492503128e-11 3.386180225106727e-10
38.400000 5.551115123125782e-12 2.2204460492503128e-11 3.386180225106727e-10
38.500000 5.551115123125782e-12 2.2204460492503128e-11 3.386180225106727e-10
38.600000 5.551115123125782e-12 2.2204460492503128e-11 3.386180225106727e-10
38.700000 5.551115123125782e-12 2.2204460492503128e-11 3.386180225106727e-10
38.800000 5.551115123125782e-12 2.2204460492503128e-11 3.386180225106727e-10
38.900000 5.551115123125782e-12 2.2204460492503128e-11 3.386180225106727e-10
39.000000 5.551115123125782e-12 2.2204460492503128e-11 3.386180225106727e-10
39.100000 5.551115123125782e-12 2.2204460492503128e-11 3.386180225106727e-10
39.200000 5.551115123125782e-12 2.2204460492503128e-11 3.386180225106727e-10
39.300000 5.551115123125782e-12 2.2204460492503128e-11 3.386180225106727e-10
39.400000 5.551115123125782e-12 2.2204460492503128e-11 3.386180225106727e-10
39.500000 5.551115123125782e-12 2.2204460492503128e-11 3.386180225106727e-10
39.600000 5.551115123125782e-12 2.2204460492503128e-11 3.386180225106727e-10
39.700000 5.551115123125782e-12 2.2204460492503128e-11 3.386180225106727e-10
39.800000 5.551115123125782e-12 2.2204460492503128e-11 3.386180225106727e-10
39.900000 5.551115123125782e-12 2.2204460492503128e-11 3.386180225106727e-10
40.000000 5.551115123125782e-12 2.2204460492503128e-11 3.386180225106727e-10
40.100000 5.551115123125782e-12 2.2204460492503128e-11 3.386180225106727e-10
40.200000 5.551115123125782e-12 2.2204460492503128e-11 3.386180225106727e-10
40.300000 5.551115123125782e-12 2.2204460492503128e-11 3.386180225106727e-10
40.400000 5.551115123125782e-12 2.2204460492503128e-11 3.386180225106727e-10
40.500000 5.551115123125782e-12 2.2204460492503128e-11 3.386180225106727e-10
40.600000 5.551115123125782e-12 2.2204460492503128e-11 3.386180225106727e-10
40.700000 5.551115123125782e-12 2.2204460492503128e-11 3.386180225106727e-10
40.800000 5.551115123125782e-12 2.2204460492503128e-11 3.386180225106727e-10
40.900000 5.551115123125782e-12 2.2204460492503128e-11 3.386180225106727e-10
41.000000 5.551115123125782e-12 2.2204460492503128e-11 3.386180225106727e-10
41.100000 5.551115123125782e-12 2.2204460492503128e-11 3.386180225106727e-10
41.200000 5.551115123125782e-12 2.2204460492503128e-11 3.386180225106727e-10
41.300000 5.551115123125782e-12 2.2204460492503128e-11 3.386180225106727e-10
41.400000 5.551115123125782e-12 2.2204460492503128e-11 3.386180225106727e-10
41.500000 5.551115123125782e-12 2.2204460492503128e-11 3.386180225106727e-10
41.600000 5.551115123125782e-12 2.2204460492503128e-11 3.386180225106727e-10
41.700000 5.551115123125782e-12 2.2204460492503128e-11 3.386180225106727e-10
41.800000 5.551115123125782e-12 2.2204460492503128e-11 3.386180225106727e-10
41.900000 5.551115123125782e-12 2.2204460492503128e-11 3.386180225106727e-10
42.000000 5.551115123125782e-12 2.2204460492503128e-11 3.386180225106727e-10
42.100000 5.551115123125782e-12 2.2204460492503128e-11 3.386180225106727e-10
42.200000 5.551115123125782e-12 2.2204460492503128e-11 3.386180225106727e-10
42.300000 5.551115123125782e-12 2.2204460492503128e-11 3.386180225106727e-10
42.400000 5.551115123125782e-12 2.2204460492503128e-11 3.386180225106727e-10
42.500000 5.551115123125782e-12 2.2204460492503128e-11 3.386180225106727e-10
42.600000 5.551115123125782e-12 2.2204460492503128e-11 3.386180225106727e-10
42.700000 5.551115123125782e-12 2.2204460492503128e-11 3.386180225106727e-10
42.800000 5.551115123125782e-12 2.2204460492503128e-11 3.386180225106727e-10
42.900000 5.551115123125782e-12 2.2204460492503128e-11 3.386180225106727e-10
43.000000 5.551115123125782e-12 2.2204460492503128e-11 3.386180225106727e-10
43.100000 5.551115123125782e-12 2.2204460492503128e-11 3.386180225106727e-10
43.200000 5.551115123125782e-12 2.2204460492503128e-11 3.386180225106727e-10
43.300000 5.551115123125782e-12 2.2204460492503128e-11 3.386180225106727e-10
43.400000 5.551115123125782e-12 2.2204460492503128e-11 3.386180225106727e-10
43.500000 5.551115123125782e-12 2.2204460492503128e-11 3.386180225106727e-10
43.600000 5.551115123125782e-12 2.2204460492503128e-11 3.386180225106727e-10
43.700000 5.551115123125782e-12 2.2204460492503128e-11 3.386180225106727e-10
43.800000 5.551115123125782e-12 2.2204460492503128e-11 3.386180225106727e-10
43.900000 5.551115123125782e-12 2.2204460492503128e-11 3.386180225106727e-10
44.000000 5.551115123125782e-12 2.2204460492503128e-11 3.386180225106727e-10
44.100000 5.551115123125782e-12 2.2204460492503128e-11 3.386180225106727e-10
44.200000 5.551115123125782e-12 2.2204460492503128e-11 3.386180225106727e-10
44.300000 5.551115123125782e-12 2.2204460492503128e-11 3.386180225106727e-10
44.400000 5.551115123125782e-12 2.2204460492503128e-11 3.386180225106727e-10
44.500000 5.551115123125782e-12 2.2204460492503128e-11 3.386180225106727e-10
44.600000 5.551115123125782e-12 2.2204460492503128e-11 3.386180225106727e-10
44.700000 5.551115123125782e-12 2.2204460492503128e-11 3.386180225106727e-10
44.800000 5.551115123125782e-12 2.2204460492503128e-11 3.386180225106727e-10
44.900000 5.551115123125782e-12 2.2204460492503128e-11 3.386180225106727e-10
45.000000 5.551115123125782e-12 2.2204460492503128e-11 3.386180225106727e-10
45.100000 5.551115123125782e-12 2.2204460492503128e-11 3.386180225106727e-10
45.200000 5.551115123125782e-12 2.2204460492503128e-11 3.386180225106727e-10
45.300000 5.551115123125782e-12 2.2204460492503128e-11 3.386180225106727e-10
45.400000 5.551115123125782e-12 2.2204460492503128e-11 3.386180225106727e-10
45.500000 5.551115123125782e-12 2.2204460492503128e-11 3.386180225106727e-10
45.600000 5.551115123125782e-12 2.2204460492503128e-11 3.386180225106727e-10
45.700000 5.551115123125782e-12 2.2204460492503128e-11 3.386180225106727e-10
45.800000 5.551115123125782e-12 2.2204460492503128e-11 3.386180225106727e-10
45.900000 5.551115123125782e-12 2.2204460492503128e-11 3.386180225106727e-10
46.000000 5.551115123125782e-12 2.2204460492503128e-11 3.386180225106727e-10
46.100000 5.551115123125782e-12 2.2204460492503128e-11 3.386180225106727e-10
46.200000 5.551115123125782e-12 2.2204460492503128e-11 3.386180225106727e-10
46.300000 5.551115123125782e-12 2.2204460492503128e-11 3.386180225106727e-10
46.400000 5.551115123125782e-12 2.2204460492503128e-11 3.386180225106727e-10
46.500000 5.551115123125782e-12 2.2204460492503128e-11 3.386180225106727e-10
46.600000 5.551115123125782e-12 2.2204460492503128e-11 3.386180225106727e-10
46.700000 5.551115123125782e-12 2.2204460492503128e-11 3.386180225106727e-10
46.800000 5.551115123125782e-12 2.2204460492503128e-11 3.386180225106727e-10
46.900000 5.551115123125782e-12 2.2204460492503128e-11 3.386180225106727e-10
47.000000 5.551115123125782e-12 2.2204460492503128e-11 3.386180225106727e-10
47.100000 5.551115123125782e-12 2.2204460492503128e-11 3.386180225106727e-10
47.200000 5.551115123125782e-12 2.2204460492503128e-11 3.386180225106727e-10
47.300000 5.551115123125782e-12 2.2204460492503128e-11 3.386180225106727e-10
47.400000 5.551115123125782e-12 2.2204460492503128e-11 3.386180225106727e-10
47.500000 5.551115123125782e-12 2.2204460492503128e-11 3.386180225106727e-10
47.600000 5.551115123125782e-12 2.2204460492503128e-11 3.386180225106727e-10
47.700000 5.551115123125782e-12 2.2204460492503128e-11 3.386180225106727e-10
47.800000 5.551115123125782e-12 2.2204460492503128e-11 3.386180225106727e-10
47.900000 5.551115123125782e-12 2.2204460492503128e-11 3.386180225106727e-10
48.000000 5.551115123125782e-12 2.2204460492503128e-11 3.386180225106727e-10
48.100000 5.551115123125782e-12 2.2204460492503128e-11 3.386180225106727e-10
48.200000 5.551115123125782e-12 2.2204460492503128e-11 3.386180225106727e-10
48.300000 5.551115123125782e-12 2.2204460492503128e-11 3.386180225106727e-10
48.400000 5.551115123125782e-12 2.2204460492503128e-11 3.386180225106727e-10
48.500000 5.551115123125782e-12 2.2204460492503128e-11 3.386180225106727e-10
48.600000 5.551115123125782e-12 2.2204460492503128e-11 3.386180225106727e-10
48.700000 5.551115123125782e-12 2.2204460492503128e-11 3.386180225106727e-10
48.800000 5.551115123125782e-12 2.2204460492503128e-11 3.386180225106727e-10
48.900000 5.551115123125782e-12 2.2204460492503128e-11 3.386180225106727e-10
49.000000 5.551115123125782e-12 2.2204460492503128e-11 3.386180225106727e-10
49.100000 5.551115123125782e-12 2.2204460492503128e-11 3.386180225106727e-10
49.200000 5.551115123125782e-12 2.2204460492503128e-11 3.386180225106727e-10
49.300000 5.551115123125782e-12 2.2204460492503128e-11 3.386180225106727e-10
49.400000 5.551115123125782e-12 2.2204460492503128e-11 3.386180225106727e-10
49.500000 5.551115123125782e-12 2.2204460492503128e-11 3.386180225106727e-10
49.600000 5.551115123125782e-12 2.2204460492503128e-11 3.386180225106727e-10
49.700000 5.551115123125782e-12 2.2204460492503128e-11 3.386180225106727e-10
49.800000 5.551115123125782e-12 2.2204460492503128e-11 3.386180225106727e-10
49.900000 5.551115123125782e-12 2.2204460492503128e-11 3.386180225106727e-10
50.000000 5.551115123125782e-12 2.2204460492503128e-11 3.386180225106727e-10
50.100000 5.551115123125782e-12 2.2204460492503128e-11 3.386180225106727e-10
50.200000 5.551115123125782e-12 2.2204460492503128e-11 3.386180225106727e-10
50.300000 5.551115123125782e-12 2.2204460492503128e-11 3.386180225106727e-10
50.400000 5.551115123125782e-12 2.2204460492503128e-11 3.386180225106727e-10
50.500000 5.551115123125782e-12 2.2204460492503128e-11 3.386180225106727e-10
50.600000 5.551115123125782e-12 2.2204460492503128e-11 3.386180225106727e-10
50.700000 5.551115123125782e-12 2.2204460492503128e-11 3.386180225106727e-10
50.800000 5.551115123125782e-12 2.2204460492503128e-11 3.386180225106727e-10
50.900000 5.551115123125782e-12 2.2204460492503128e-11 3.386180225106727e-10
51.000000 5.551115123125782e-12 2.2204460492503128e-11 3.386180225106727e-10
51.100000 5.551115123125782e-12 2.2204460492503128e-11 3.386180225106727e-10
51.200000 5.551115123125782e-12 2.2204460492503128e-11 3.386180225106727e-10
51.300000 5.551115123125782e-12 2.2204460492503128e-11 3.386180225106727e-10
51.400000 5.551115123125782e-12 2.2204460492503128e-11 3.386180225106727e-10
51.500000 5.551115123125782e-12 2.2204460492503128e-11 3.386180225106727e-10
51.600000 5.551115123125782e-12 2.2204460492503128e-11 3.386180225106727e-10
51.700000 5.551115123125782e-12 2.2204460492503128e-11 3.386180225106727e-10
51.800000 5.551115123125782e-12 2.2204460492503128e-11 3.386180225106727e-10
51.900000 5.551115123125782e-12 2.2204460492503128e-11 3.386180225106727e-10
52.000000 5.551115123125782e-12 2.2204460492503128e-11 3.386180225106727e-10
52.100000 5.551115123125782e-12 2.2204460492503128e-11 3.386180225106727e-10
52.200000 5.551115123125782e-12 2.2204460492503128e-11 3.386180225106727e-10
52.300000 5.551115123125782e-12 2.2204460492503128e-11 3.386180225106727e-10
52.400000 5.551115123125782e-12 2.2204460492503128e-11 3.386180225106727e-10
52.500000 5.551115123125782e-12 2.2204460492503128e-11 3.386180225106727e-10
52.600000 5.551115123125782e-12 2.2204460492503128e-11 3.386180225106727e-10
52.700000 5.551115123125782e-12 2.2204460492503128e-11 3.386180225106727e-10
52.800000 5.551115123125782e-12 2.2204460492503128e-11 3.386180225106727e-10
52.900000 5.551115123125782e-12 2.2204460492503128e-11 3.386180225106727e-10
53.000000 5.551115123125782e-12 2.2204460492503128e-11 3.386180225106727e-10
53.100000 5.551115123125782e-12 2.2204460492503128e-11 3.386180225106727e-10
53.200000 5.551115123125782e-12 2.2204460492503128e-11 3.386180225106727e-10
53.300000 5.551115123125782e-12 2.2204460492503128e-11 3.386180225106727e-10
53.400000 5.551115123125782e-12 2.2204460492503128e-11 3.386180225106727e-10
53.500000 5.551115123125782e-12 2.2204460492503128e-11 3.386180225106727e-10
53.600000 5.551115123125782e-12 2.2204460492503128e-11 3.386180225106727e-10
53.700000 5.551115123125782e-12 2.2204460492503128e-11 3.386180225106727e-10
53.800000 5.551115123125782e-12 2.2204460492503128e-11 3.386180225106727e-10
53.900000 5.551115123125782e-12 2.2204460492503128e-11 3.386180225106727e-10
54.000000 5.551115123125782e-12 2.2204460492503128e-11 3.386180225106727e-10
54.100000 5.551115123125782e-12 2.2204460492503128e-11 3.386180225106727e-10
54.200000 5.551115123125782e-12 2.2204460492503128e-11 3.386180225106727e-10
54.300000 5.551115123125782e-12 2.2204460492503128e-11 3.386180225106727e-10
54.400000 5.551115123125782e-12 2.2204460492503128e-11 3.386180225106727e-10
54.500000 5.551115123125782e-12 2.2204460492503128e-11 3.386180225106727e-10
54.600000 5.551115123125782e-12 2.2204460492503128e-11 3.386180225106727e-10
54.700000 5.551115123125782e-12 2.2204460492503128e-11 3.386180225106727e-10
54.800000 5.551115123125782e-12 2.2204460492503128e-11 3.386180225106727e-10
54.900000 5.551115123125782e-12 2.2204460492503128e-11 3.386180225106727e-10
55.000000 5.551115123125782e-12 2.2204460492503128e-11 3.386180225106727e-10
55.100000 5.551115123125782e-12 2.2204460492503128e-11 3.386180225106727e-10
55.200000 5.551115123125782e-12 2.2204460492503128e-11 3.386180225106727e-10
55.300000 5.551115123125782e-12 2.2204460492503128e-11 3.386180225106727e-10
55.400000 5.551115123125782e-12 2.2204460492503128e-11 3.386180225106727e-10
55.500000 5.551115123125782e-12 2.2204460492503128e-11 3.386180225106727e-10
55.600000 5.551115123125782e-12 2.2204460492503128e-11 3.386180225106727e-10
55.700000 5.551115123125782e-12 2.2204460492503128e-11 3.386180225106727e-10
55.800000 5.551115123125782e-12 2.2204460492503128e-11 3.386180225106727e-10
55.900000 5.551115123125782e-12 2.2204460492503128e-11 3.386180225106727e-10
56.000000 5.551115123125782e-12 2.2204460492503128e-11 3.386180225106727e-10
56.100000 5.551115123125782e-12 2.2204460492503128e-11 3.386180225106727e-10
56.200000 5.551115123125782e-12 2.2204460492503128e-11 3.386180225106727e-10
56.300000 5.551115123125782e-12 2.2204460492503128e-11 3.386180225106727e-10
56.400000 5.551115123125782e-12 2.2204460492503128e-11 3.386180225106727e-10
56.500000 5.551115123125782e-12 2.2204460492503128e-11 3.386180225106727e-10
56.600000 5.551115123125782e-12 2.2204460492503128e-11 3.386180225106727e-10
56.700000 5.551115123125782e-12 2.2204460492503128e-11 3.386180225106727e-10
56.800000 5.551115123125782e-12 2.2204460492503128e-11 3.386180225106727e-10
56.900000 5.551115123125782e-12 2.2204460492503128e-11 3.386180225106727e-10
57.000000 5.551115123125782e-12 2.2204460492503128e-11 3.386180225106727e-10
57.100000 5.551115123125782e-12 2.2204460492503128e-11 3.386180225106727e-10
57.200000 5.551115123125782e-12 2.2204460492503128e-11 3.386180225106727e-10
57.300000 5.551115123125782e-12 2.2204460492503128e-11 3.386180225106727e-10
57.400000 5.551115123125782e-12 2.2204460492503128e-11 3.386180225106727e-10
57.500000 5.551115123125782e-12 2.2204460492503128e-11 3.386180225106727e-10
57.600000 5.551115123125782e-12 2.2204460492503128e-11 3.386180225106727e-10
57.700000 5.551115123125782e-12 2.2204460492503128e-11 3.386180225106727e-10
57.800000 5.551115123125782e-12 2.2204460492503128e-11 3.386180225106727e-10
57.900000 5.551115123125782e-12 2.2204460492503128e-11 3.386180225106727e-10
58.000000 5.551115123125782e-12 2.2204460492503128e-11 3.386180225106727e-10
58.100000 5.551115123125782e-12 2.2204460492503128e-11 3.386180225106727e-10
58.200000 5.551115123125782e-12 2.2204460492503128e-11 3.386180225106727e-10
58.300000 5.551115123125782e-12 2.2204460492503128e-11 3.386180225106727e-10
58.400000 5.551115123125782e-12 2.2204460492503128e-11 3.386180225106727e-10
58.500000 5.551115123125782e-12 2.2204460492503128e-11 3.386180225106727e-10
58.600000 5.551115123125782e-12 2.2204460492503128e-11 3.386180225106727e-10
58.700000 5.551115123125782e-12 2.2204460492503128e-11 3.386180225106727e-10
58.800000 5.551115123125782e-12 2.2204460492503128e-11 3.386180225106727e-10
58.900000 5.551115123125782e-12 2.2204460492503128e-11 3.386180225106727e-10
59.000000 5.551115123125782e-12 2.2204460492503128e-11 3.386180225106727e-10
59.100000 5.551115123125782e-12 2.2204460492503128e-11 3.386180225106727e-10
59.200000 5.551115123125782e-12 2.2204460492503128e-11 3.386180225106727e-10
59.300000 5.551115123125782e-12 2.2204460492503128e-11 3.386180225106727e-10
59.400000 5.551115123125782e-12 2.2204460492503128e-11 3.386180225106727e-10
59.500000 5.551115123125782e-12 2.2204460492503128e-11 3.386180225106727e-10
59.600000 5.551115123125782e-12 2.2204460492503128e-11 3.386180225106727e-10
59.700000 5.551115123125782e-12 2.2204460492503128e-11 3.386180225106727e-10
59.800000 5.551115123125782e-12 2.2204460492503128e-11 3.386180225106727e-10
59.900000 5.551115123125782e-12 2.2204460492503128e-11 3.386180225106727e-10
60.000000 5.551115123125782e-12 2.2204460492503128e-11 3.386180225106727e-10
60.100000 5.551115123125782e-12 2.2204460492503128e-11 3.386180225106727e-10
60.200000 5.551115123125782e-12 2.2204460492503128e-11 3.386180225106727e-10
60.300000 5.551115123125782e-12 2.2204460492503128e-11 3.386180225106727e-10
60.400000 5.551115123125782e-12 2.2204460492503128e-11 3.386180225106727e-10
60.500000 5.551115123125782e-12 2.2204460492503128e-11 3.386180225106727e-10
60.600000 5.551115123125782e-12 2.2204460492503128e-11 3.386180225106727e-10
60.700000 5.551115123125782e-12 2.2204460492503128e-11 3.386180225106727e-10
60.800000 5.551115123125782e-12 2.2204460492503128e-11 3.386180225106727e-10
60.900000 5.551115123125782e-12 2.2204460492503128e-11 3.386180225106727e-10
61.000000 5.551115123125782e-12 2.2204460492503128e-11 3.386180225106727e-10
61.100000 5.551115123125782e-12 2.2204460492503128e-11 3.386180225106727e-10
61.200000 5.551115123125782e-12 2.2204460492503128e-11 3.386180225106727e-10
61.300000 5.551115123125782e-12 2.2204460492503128e-11 3.386180225106727e-10
61.400000 5.551115123125782e-12 2.2204460492503128e-11 3.386180225106727e-10
61.500000 5.551115123125782e-12 2.2204460492503128e-11 3.386180225106727e-10
61.600000 5.551115123125782e-12 2.2204460492503128e-11 3.386180225106727e-10
61.700000 5.551115123125782e-12 2.2204460492503128e-11 3.386180225106727e-10
61.800000 5.551115123125782e-12 2.2204460492503128e-11 3.386180225106727e-10
61.900000 5.551115123125782e-12 2.2204460492503128e-11 3.386180225106727e-10
62.000000 5.551115123125782e-12 2.2204460492503128e-11 3.386180225106727e-10
62.100000 5.551115123125782e-12 2.2204460492503128e-11 3.386180225106727e-10
62.200000 5.551115123125782e-12 2.2204460492503128e-11 3.386180225106727e-10
62.300000 5.551115123125782e-12 2.2204460492503128e-11 3.386180225106727e-10
62.400000 5.551115123125782e-12 2.2204460492503128e-11 3.386180225106727e-10
62.500000 5.551115123125782e-12 2.2204460492503128e-11 3.386180225106727e-10
62.600000 5.551115123125782e-12 2.2204460492503128e-11 3.386180225106727e-10
62.700000 5.551115123125782e-12 2.2204460492503128e-11 3.386180225106727e-10
62.800000 5.551115123125782e-12 2.2204460492503128e-11 3.386180225106727e-10
62.900000 5.551115123125782e-12 2.2204460492503128e-11 3.386180225106727e-10
63.000000 5.551115123125782e-12 2.2204460492503128e-11 3.386180225106727e-10
63.100000 5.551115123125782e-12 2.2204460492503128e-11 3.386180225106727e-10
63.200000 5.551115123125782e-12 2.2204460492503128e-11 3.386180225106727e-10
63.300000 5.551115123125782e-12 2.2204460492503128e-11 3.386180225106727e-10
63.400000 5.551115123125782e-12 2.2204460492503128e-11 3.386180225106727e-10
63.500000 5.551115123125782e-12 2.2204460492503128e-11 3.386180225106727e-10
63.600000 5.551115123125782e-12 2.2204460492503128e-11 3.386180225106727e-10
63.700000 5.551115123125782e-12 2.2204460492503128e-11 3.386180225106727e-10
63.800000 5.551115123125782e-12 2.2204460492503128e-11 3.386180225106727e-10
63.900000 5.551115123125782e-12 2.2204460492503128e-11 3.386180225106727e-10
64.000000 5.551115123125782e-12 2.2204460492503128e-11 3.386180225106727e-10
64.100000 5.551115123125782e-12 2.2204460492503128e-11 3.386180225106727e-10
64.200000 5.551115123125782e-12 2.2204460492503128e-11 3.386180225106727e-10
64.300000 5.551115123125782e-12 2.2204460492503128e-11 3.386180225106727e-10
64.400000 5.551115123125782e-12 2.2204460492503128e-11 3.386180225106727e-10
64.500000 5.551115123125782e-12 2.2204460492503128e-11 3.386180225106727e-10
64.600000 5.551115123125782e-12 2.2204460492503128e-11 3.386180225106727e-10
64.700000 5.551115123125782e-12 2.2204460492503128e-11 3.386180225106727e-10
64.800000 5.551115123125782e-12 2.2204460492503128e-11 3.386180225106727e-10
64.900000 5.551115123125782e-12 2.2204460492503128e-11 3.386180225106727e-10
65.000000 5.551115123125782e-12 2.2204460492503128e-11 3.386180225106727e-10
65.100000 5.551115123125782e-12 2.2204460492503128e-11 3.386180225106727e-10
65.200000 5.551115123125782e-12 2.2204460492503128e-11 3.386180225106727e-10
65.300000 5.551115123125782e-12 2.2204460492503128e-11 3.386180225106727e-10
65.400000 5.551115123125782e-12 2.2204460492503128e-11 3.386180225106727e-10
65.500000 5.551115123125782e-12 2.2204460492503128e-11 3.386180225106727e-10
65.600000 5.551115123125782e-12 2.2204460492503128e-11 3.386180225106727e-10
65.700000 5.551115123125782e-12 2.2204460492503128e-11 3.386180225106727e-10
65.800000 5.551115123125782e-12 2.2204460492503128e-11 3.386180225106727e-10
65.900000 5.551115123125782e-12 2.2204460492503128e-11 3.386180225106727e-10
66.000000 5.551115123125782e-12 2.2204460492503128e-11 3.386180225106727e-10
66.100000 5.551115123125782e-12 2.2204460492503128e-11 3.386180225106727e-10
66.200000 5.551115123125782e-12 2.2204460492503128e-11 3.386180225106727e-10
66.300000 5.551115123125782e-12 2.2204460492503128e-11 3.386180225106727e-10
66.400000 5.551115123125782e-12 2.2204460492503128e-11 3.386180225106727e-10
66.500000 5.551115123125782e-12 2.2204460492503128e-11 3.386180225106727e-10
66.600000 5.551115123125782e-12 2.2204460492503128e-11 3.386180225106727e-10
66.700000 5.551115123125782e-12 2.2204460492503128e-11 3.386180225106727e-10
66.800000 5.551115123125782e-12 2.2204460492503128e-11 3.386180225106727e-10
66.900000 5.551115123125782e-12 2.2204460492503128e-11 3.386180225106727e-10
67.000000 5.551115123125782e-12 2.2204460492503128e-11 3.386180225106727e-10
67.100000 5.551115123125782e-12 2.2204460492503128e-11 3.386180225106727e-10
67.200000 5.551115123125782e-12 2.2204460492503128e-11 3.386180225106727e-10
67.300000 5.551115123125782e-12 2.2204460492503128e-11 3.386180225106727e-10
67.400000 5.551115123125782e-12 2.2204460492503128e-11 3.386180225106727e-10
67.500000 5.551115123125782e-12 2.2204460492503128e-11 3.386180225106727e-10
67.600000 5.551115123125782e-12 2.2204460492503128e-11 3.386180225106727e-10
67.700000 5.551115123125782e-12 2.2204460492503128e-11 3.386180225106727e-10
67.800000 5.551115123125782e-12 2.2204460492503128e-11 3.386180225106727e-10
67.900000 5.551115123125782e-12 2.2204460492503128e-11 3.386180225106727e-10
68.000000 5.551115123125782e-12 2.2204460492503128e-11 3.386180225106727e-10
68.100000 5.551115123125782e-12 2.2204460492503128e-11 3.386180225106727e-10
68.200000 5.551115123125782e-12 2.2204460492503128e-11 3.386180225106727e-10
68.300000 5.551115123125782e-12 2.2204460492503128e-11 3.386180225106727e-10
68.400000 5.551115123125782e-12 2.2204460492503128e-11 3.386180225106727e-10
68.500000 5.551115123125782e-12 2.2204460492503128e-11 3.386180225106727e-10
68.600000 5.551115123125782e-12 2.2204460492503128e-11 3.386180225106727e-10
68.700000 5.551115123125782e-12 2.2204460492503128e-11 3.386180225106727e-10
68.800000 5.551115123125782e-12 2.2204460492503128e-11 3.386180225106727e-10
68.900000 5.551115123125782e-12 2.2204460492503128e-11 3.386180225106727e-10
69.000000 5.551115123125782e-12 2.2204460492503128e-11 3.386180225106727e-10
69.100000 5.551115123125782e-12 2.2204460492503128e-11 3.386180225106727e-10
69.200000 5.551115123125782e-12 2.2204460492503128e-11 3.386180225106727e-10
69.300000 5.551115123125782e-12 2.2204460492503128e-11 3.386180225106727e-10
69.400000 5.551115123125782e-12 2.2204460492503128e-11 3.386180225106727e-10
69.500000 5.551115123125782e-12 2.2204460492503128e-11 3.386180225106727e-10
69.600000 5.551115123125782e-12 2.2204460492503128e-11 3.386180225106727e-10
69.700000 5.551115123125782e-12 2.2204460492503128e-11 3.386180225106727e-10
69.800000 5.551115123125782e-12 2.2204460492503128e-11 3.386180225106727e-10
69.900000 5.551115123125782e-12 2.2204460492503128e-11 3.386180225106727e-10
70.000000 5.551115123125782e-12 2.2204460492503128e-11 3.386180225106727e-10
70.100000 5.551115123125782e-12 2.2204460492503128e-11 3.386180225106727e-10
70.200000 5.551115123125782e-12 2.2204460492503128e-11 3.386180225106727e-10
70.300000 5.551115123125782e-12 2.2204460492503128e-11 3.386180225106727e-10
70.400000 5.551115123125782e-12 2.2204460492503128e-11 3.386180225106727e-10
70.500000 5.551115123125782e-12 2.2204460492503128e-11 3.386180225106727e-10
70.600000 5.551115123125782e-12 2.2204460492503128e-11 3.386180225106727e-10
70.700000 5.551115123125782e-12 2.2204460492503128e-11 3.386180225106727e-10
70.800000 5.551115123125782e-12 2.2204460492503128e-11 3.386180225106727e-10
70.900000 5.551115123125782e-12 2.2204460492503128e-11 3.386180225106727e-10
71.000000 5.551115123125782e-12 2.2204460492503128e-11 3.386180225106727e-10
71.100000 5.551115123125782e-12 2.2204460492503128e-11 3.386180225106727e-10
71.200000 5.551115123125782e-12 2.2204460492503128e-11 3.386180225106727e-10
71.300000 5.551115123125782e-12 2.2204460492503128e-11 3.386180225106727e-10
71.400000 5.551115123125782e-12 2.2204460492503128e-11 3.386180225106727e-10
71.500000 5.551115123125782e-12 2.2204460492503128e-11 3.386180225106727e-10
71.600000 5.551115123125782e-12 2.2204460492503128e-11 3.386180225106727e-10
71.700000 5.551115123125782e-12 2.2204460492503128e-11 3.386180225106727e-10
71.800000 5.551115123125782e-12 2.2204460492503128e-11 3.386180225106727e-10
71.900000 5.551115123125782e-12 2.2204460492503128e-11 3.386180225106727e-10
72.000000 5.551115123125782e-12 2.2204460492503128e-11 3.386180225106727e-10
72.100000 5.551115123125782e-12 2.2204460492503128e-11 3.386180225106727e-10
72.200000 5.551115123125782e-12 2.2204460492503128e-11 3.386180225106727e-10
72.300000 5.551115123125782e-12 2.2204460492503128e-11 3.386180225106727e-10
72.400000 5.551115123125782e-12 2.2204460492503128e-11 3.386180225106727e-10
72.500000 5.551115123125782e-12 2.2204460492503128e-11 3.386180225106727e-10
72.600000 5.551115123125782e-12 2.2204460492503128e-11 3.386180225106727e-10
72.700000 5.551115123125782e-12 2.2204460492503128e-11 3.386180225106727e-10
72.800000 5.551115123125782e-12 2.2204460492503128e-11 3.386180225106727e-10
72.900000 5.551115123125782e-12 2.2204460492503128e-11 3.386180225106727e-10
73.000000 5.551115123125782e-12 2.2204460492503128e-11 3.386180225106727e-10
73.100000 5.551115123125782e-12 2.2204460492503128e-11 3.386180225106727e-10
73.200000 5.551115123125782e-12 2.2204460492503128e-11 3.386180225106727e-10
73.300000 5.551115123125782e-12 2.2204460492503128e-11 3.386180225106727e-10
73.400000 5.551115123125782e-12 2.2204460492503128e-11 3.386180225106727e-10
73.500000 5.551115123125782e-12 2.2204460492503128e-11 3.386180225106727e-10
73.600000 5.551115123125782e-12 2.2204460492503128e-11 3.386180225106727e-10
73.700000 5.551115123125782e-12 2.2204460492503128e-11 3.386180225106727e-10
73.800000 5.551115123125782e-12 2.2204460492503128e-11 3.386180225106727e-10
73.900000 5.551115123125782e-12 2.2204460492503128e-11 3.386180225106727e-10
74.000000 5.551115123125782e-12 2.2204460492503128e-11 3.386180225106727e-10
74.100000 5.551115123125782e-12 2.2204460492503128e-11 3.386180225106727e-10
74.200000 5.551115123125782e-12 2.2204460492503128e-11 3.386180225106727e-10
74.300000 5.551115123125782e-12 2.2204460492503128e-11 3.386180225106727e-10
74.400000 5.551115123125782e-12 2.2204460492503128e-11 3.386180225106727e-10
74.500000 5.551115123125782e-12 2.2204460492503128e-11 3.386180225106727e-10
74.600000 5.551115123125782e-12 2.2204460492503128e-11 3.386180225106727e-10
74.700000 5.551115123125782e-12 2.2204460492503128e-11 3.386180225106727e-10
74.800000 5.551115123125782e-12 2.2204460492503128e-11 3.386180225106727e-10
74.900000 5.551115123125782e-12 2.2204460492503128e-11 3.386180225106727e-10
75.000000 5.551115123125782e-12 2.2204460492503128e-11 3.386180225106727e-10
75.100000 5.551115123125782e-12 2.2204460492503128e-11 3.386180225106727e-10
75.200000 5.551115123125782e-12 2.2204460492503128e-11 3.386180225106727e-10
75.300000 5.551115123125782e-12 2.2204460492503128e-11 3.386180225106727e-10
75.400000 5.551115123125782e-12 2.2204460492503128e-11 3.386180225106727e-10
75.500000 5.551115123125782e-12 2.2204460492503128e-11 3.386180225106727e-10
75.600000 5.551115123125782e-12 2.2204460492503128e-11 3.386180225106727e-10
75.700000 5.551115123125782e-12 2.2204460492503128e-11 3.386180225106727e-10
75.800000 5.551115123125782e-12 2.2204460492503128e-11 3.386180225106727e-10
75.900000 5.551115123125782e-12 2.2204460492503128e-11 3.386180225106727e-10
76.000000 5.551115123125782e-12 2.2204460492503128e-11 3.386180225106727e-10
76.100000 5.551115123125782e-12 2.2204460492503128e-11 3.386180225106727e-10
76.200000 5.551115123125782e-12 2.2204460492503128e-11 3.386180225106727e-10
76.300000 5.551115123125782e-12 2.2204460492503128e-11 3.386180225106727e-10
76.400000 5.551115123125782e-12 2.2204460492503128e-11 3.386180225106727e-10
76.500000 5.551115123125782e-12 2.2204460492503128e-11 3.386180225106727e-10
76.600000 5.551115123125782e-12 2.2204460492503128e-11 3.386180225106727e-10
76.700000 5.551115123125782e-12 2.2204460492503128e-11 3.386180225106727e-10
76.800000 5.551115123125782e-12 2.2204460492503128e-11 3.386180225106727e-10
76.900000 5.551115123125782e-12 2.2204460492503128e-11 3.386180225106727e-10
77.000000 5.551115123125782e-12 2.2204460492503128e-11 3.386180225106727e-10
77.100000 5.551115123125782e-12 2.2204460492503128e-11 3.386180225106727e-10
77.200000 5.551115123125782e-12 2.2204460492503128e-11 3.386180225106727e-10
77.300000 5.551115123125782e-12 2.2204460492503128e-11 3.386180225106727e-10
77.400000 5.551115123125782e-12 2.2204460492503128e-11 3.386180225106727e-10
77.500000 5.551115123125782e-12 2.2204460492503128e-11 3.386180225106727e-10
77.600000 5.551115123125782e-12 2.2204460492503128e-11 3.386180225106727e-10
77.700000 5.551115123125782e-12 2.2204460492503128e-11 3.386180225106727e-10
77.800000 5.551115123125782e-12 2.2204460492503128e-11 3.386180225106727e-10
77.900000 5.551115123125782e-12 2.2204460492503128e-11 3.386180225106727e-10
78.000000 5.551115123125782e-12 2.2204460492503128e-11 3.386180225106727e-10
78.100000 5.551115123125782e-12 2.2204460492503128e-11 3.386180225106727e-10
78.200000 5.551115123125782e-12 2.2204460492503128e-11 3.386180225106727e-10
78.300000 5.551115123125782e-12 2.2204460492503128e-11 3.386180225106727e-10
78.400000 5.551115123125782e-12 2.2204460492503128e-11 3.386180225106727e-10
78.500000 5.551115123125782e-12 2.2204460492503128e-11 3.386180225106727e-10
78.600000 5.551115123125782e-12 2.2204460492503128e-11 3.386180225106727e-10
78.700000 5.551115123125782e-12 2.2204460492503128e-11 3.386180225106727e-10
78.800000 5.551115123125782e-12 2.2204460492503128e-11 3.386180225106727e-10
78.900000 5.551115123125782e-12 2.2204460492503128e-11 3.386180225106727e-10
79.000000 5.551115123125782e-12 2.2204460492503128e-11 3.386180225106727e-10
79.100000 5.551115123125782e-12 2.2204460492503128e-11 3.386180225106727e-10
79.200000 5.551115123125782e-12 2.2204460492503128e-11 3.386180225106727e-10
79.300000 5.551115123125782e-12 2.2204460492503128e-11 3.386180225106727e-10
79.400000 5.551115123125782e-12 2.2204460492503128e-11 3.386180225106727e-10
79.500000 5.551115123125782e-12 2.2204460492503128e-11 3.386180225106727e-10
79.600000 5.551115123125782e-12 2.2204460492503128e-11 3.386180225106727e-10
79.700000 5.551115123125782e-12 2.2204460492503128e-11 3.386180225106727e-10
79.800000 5.551115123125782e-12 2.2204460492503128e-11 3.386180225106727e-10
79.900000 5.551115123125782e-12 2.2204460492503128e-11 3.386180225106727e-10
80.000000 5.551115123125782e-12 2.2204460492503128e-11 3.386180225106727e-10
80.100000 5.551115123125782e-12 2.2204460492503128e-11 3.386180225106727e-10
80.200000 5.551115123125782e-12 2.2204460492503128e-11 3.386180225106727e-10
80.300000 5.551115123125782e-12 2.2204460492503128e-11 3.386180225106727e-10
80.400000 5.551115123125782e-12 2.2204460492503128e-11 3.386180225106727e-10
80.500000 5.551115123125782e-12 2.2204460492503128e-11 3.386180225106727e-10
80.600000 5.551115123125782e-12 2.2204460492503128e-11 3.386180225106727e-10
80.700000 5.551115123125782e-12 2.2204460492503128e-11 3.386180225106727e-10
80.800000 5.551115123125782e-12 2.2204460492503128e-11 3.386180225106727e-10
80.900000 5.551115123125782e-12 2.2204460492503128e-11 3.386180225106727e-10
81.000000 5.551115123125782e-12 2.2204460492503128e-11 3.386180225106727e-10
81.100000 5.551115123125782e-12 2.2204460492503128e-11 3.386180225106727e-10
81.200000 5.551115123125782e-12 2.2204460492503128e-11 3.386180225106727e-10
81.300000 5.551115123125782e-12 2.2204460492503128e-11 3.386180225106727e-10
81.400000 5.551115123125782e-12 2.2204460492503128e-11 3.386180225106727e-10
81.500000 5.551115123125782e-12 2.2204460492503128e-11 3.386180225106727e-10
81.600000 5.551115123125782e-12 2.2204460492503128e-11 3.386180225106727e-10
81.700000 5.551115123125782e-12 2.2204460492503128e-11 3.386180225106727e-10
81.800000 5.551115123125782e-12 2.2204460492503128e-11 3.386180225106727e-10
81.900000 5.551115123125782e-12 2.2204460492503128e-11 3.386180225106727e-10
82.000000 5.551115123125782e-12 2.2204460492503128e-11 3.386180225106727e-10
82.100000 5.551115123125782e-12 2.2204460492503128e-11 3.386180225106727e-10
82.200000 5.551115123125782e-12 2.2204460492503128e-11 3.386180225106727e-10
82.300000 5.551115123125782e-12 2.2204460492503128e-11 3.386180225106727e-10
82.400000 5.551115123125782e-12 2.2204460492503128e-11 3.386180225106727e-10
82.500000 5.551115123125782e-12 2.2204460492503128e-11 3.386180225106727e-10
82.600000 5.551115123125782e-12 2.2204460492503128e-11 3.386180225106727e-10
82.700000 5.551115123125782e-12 2.2204460492503128e-11 3.386180225106727e-10
82.800000 5.551115123125782e-12 2.2204460492503128e-11 3.386180225106727e-10
82.900000 5.551115123125782e-12 2.2204460492503128e-11 3.386180225106727e-10
83.000000 5.551115123125782e-12 2.2204460492503128e-11 3.386180225106727e-10
83.100000 5.551115123125782e-12 2.2204460492503128e-11 3.386180225106727e-10
83.200000 5.551115123125782e-12 2.2204460492503128e-11 3.386180225106727e-10
83.300000 5.551115123125782e-12 2.2204460492503128e-11 3.386180225106727e-10
83.400000 5.551115123125782e-12 2.2204460492503128e-11 3.386180225106727e-10
83.500000 5.551115123125782e-12 2.2204460492503128e-11 3.386180225106727e-10
83.600000 5.551115123125782e-12 2.2204460492503128e-11 3.386180225106727e-10
83.700000 5.551115123125782e-12 2.2204460492503128e-11 3.386180225106727e-10
83.800000 5.551115123125782e-12 2.2204460492503128e-11 3.386180225106727e-10
83.900000 5.551115123125782e-12 2.2204460492503128e-11 3.386180225106727e-10
84.000000 5.551115123125782e-12 2.2204460492503128e-11 3.386180225106727e-10
84.100000 5.551115123125782e-12 2.2204460492503128e-11 3.386180225106727e-10
84.200000 5.551115123125782e-12 2.2204460492503128e-11 3.386180225106727e-10
84.300000 5.551115123125782e-12 2.2204460492503128e-11 3.386180225106727e-10
84.400000 5.551115123125782e-12 2.2204460492503128e-11 3.386180225106727e-10
84.500000 5.551115123125782e-12 2.2204460492503128e-11 3.386180225106727e-10
84.600000 5.551115123125782e-12 2.2204460492503128e-11 3.386180225106727e-10
84.700000 5.551115123125782e-12 2.2204460492503128e-11 3.386180225106727e-10
84.800000 5.551115123125782e-12 2.2204460492503128e-11 3.386180225106727e-10
84.900000 5.551115123125782e-12 2.2204460492503128e-11 3.386180225106727e-10
85.000000 5.551115123125782e-12 2.2204460492503128e-11 3.386180225106727e-10
85.100000 5.551115123125782e-12 2.2204460492503128e-11 3.386180225106727e-10
85.200000 5.551115123125782e-12 2.2204460492503128e-11 3.386180225106727e-10
85.300000 5.551115123125782e-12 2.2204460492503128e-11 3.386180225106727e-10
85.400000 5.551115123125782e-12 2.2204460492503128e-11 3.386180225106727e-10
85.500000 5.551115123125782e-12 2.2204460492503128e-11 3.386180225106727e-10
85.600000 5.551115123125782e-12 2.2204460492503128e-11 3.386180225106727e-10
85.700000 5.551115123125782e-12 2.2204460492503128e-11 3.386180225106727e-10
85.800000 5.551115123125782e-12 2.2204460492503128e-11 3.386180225106727e-10
85.900000 5.551115123125782e-12 2.2204460492503128e-11 3.386180225106727e-10
86.000000 5.551115123125782e-12 2.2204460492503128e-11 3.386180225106727e-10
86.100000 5.551115123125782e-12 2.2204460492503128e-11 3.386180225106727e-10
86.200000 5.551115123125782e-12 2.2204460492503128e-11 3.386180225106727e-10
86.300000 5.551115123125782e-12 2.2204460492503128e-11 3.386180225106727e-10
86.400000 5.551115123125782e-12 2.2204460492503128e-11 3.386180225106727e-10
86.500000 5.551115123125782e-12 2.2204460492503128e-11 3.386180225106727e-10
86.600000 5.551115123125782e-12 2.2204460492503128e-11 3.386180225106727e-10
86.700000 5.551115123125782e-12 2.2204460492503128e-11 3.386180225106727e-10
86.800000 5.551115123125782e-12 2.2204460492503128e-11 3.386180225106727e-10
86.900000 5.551115123125782e-12 2.2204460492503128e-11 3.386180225106727e-10
87.000000 5.551115123125782e-12 2.2204460492503128e-11 3.386180225106727e-10
87.100000 5.551115123125782e-12 2.2204460492503128e-11 3.386180225106727e-10
87.200000 5.551115123125782e-12 2.2204460492503128e-11 3.386180225106727e-10
87.300000 5.551115123125782e-12 2.2204460492503128e-11 3.386180225106727e-10
87.400000 5.551115123125782e-12 2.2204460492503128e-11 3.386180225106727e-10
87.500000 5.551115123125782e-12 2.2204460492503128e-11 3.386180225106727e-10
87.600000 5.551115123125782e-12 2.2204460492503128e-11 3.386180225106727e-10
87.700000 5.551115123125782e-12 2.2204460492503128e-11 3.386180225106727e-10
87.800000 5.551115123125782e-12 2.2204460492503128e-11 3.386180225106727e-10
87.900000 5.551115123125782e-12 2.2204460492503128e-11 3.386180225106727e-10
88.000000 5.551115123125782e-12 2.2204460492503128e-11 3.386180225106727e-10
88.100000 5.551115123125782e-12 2.2204460492503128e-11 3.386180225106727e-10
88.200000 5.551115123125782e-12 2.2204460492503128e-11 3.386180225106727e-10
88.300000 5.551115123125782e-12 2.2204460492503128e-11 3.386180225106727e-10
88.400000 5.551115123125782e-12 2.2204460492503128e-11 3.386180225106727e-10
88.500000 5.551115123125782e-12 2.2204460492503128e-11 3.386180225106727e-10
88.600000 5.551115123125782e-12 2.2204460492503128e-11 3.386180225106727e-10
88.700000 5.551115123125782e-12 2.2204460492503128e-11 3.386180225106727e-10
88.800000 5.551115123125782e-12 2.2204460492503128e-11 3.386180225106727e-10
88.900000 5.551115123125782e-12 2.2204460492503128e-11 3.386180225106727e-10
89.000000 5.551115123125782e-12 2.2204460492503128e-11 3.386180225106727e-10
89.100000 5.551115123125782e-12 2.2204460492503128e-11 3.386180225106727e-10
89.200000 5.551115123125782e-12 2.2204460492503128e-11 3.386180225106727e-10
89.300000 5.551115123125782e-12 2.2204460492503128e-11 3.386180225106727e-10
89.400000 5.551115123125782e-12 2.2204460492503128e-11 3.386180225106727e-10
89.500000 5.551115123125782e-12 2.2204460492503128e-11 3.386180225106727e-10
89.600000 5.551115123125782e-12 2.2204460492503128e-11 3.386180225106727e-10
89.700000 5.551115123125782e-12 2.2204460492503128e-11 3.386180225106727e-10
89.800000 5.551115123125782e-12 2.2204460492503128e-11 3.386180225106727e-10
89.900000 5.551115123125782e-12 2.2204460492503128e-11 3.386180225106727e-10
90.000000 5.551115123125782e-12 2.2204460492503128e-11 3.386180225106727e-10
90.100000 5.551115123125782e-12 2.2204460492503128e-11 3.386180225106727e-10
90.200000 5.551115123125782e-12 2.2204460492503128e-11 3.386180225106727e-10
90.300000 5.551115123125782e-12 2.2204460492503128e-11 3.386180225106727e-10
90.400000 5.551115123125782e-12 2.2204460492503128e-11 3.386180225106727e-10
90.500000 5.551115123125782e-12 2.2204460492503128e-11 3.386180225106727e-10
90.600000 5.551115123125782e-12 2.2204460492503128e-11 3.386180225106727e-10
90.700000 5.551115123125782e-12 2.2204460492503128e-11 3.386180225106727e-10
90.800000 5.551115123125782e-12 2.2204460492503128e-11 3.386180225106727e-10
90.900000 5.551115123125782e-12 2.2204460492503128e-11 3.386180225106727e-10
91.000000 5.551115123125782e-12 2.2204460492503128e-11 3.386180225106727e-10
91.100000 5.551115123125782e-12 2.2204460492503128e-11 3.386180225106727e-10
91.200000 5.551115123125782e-12 2.2204460492503128e-11 3.386180225106727e-10
91.300000 5.551115123125782e-12 2.2204460492503128e-11 3.386180225106727e-10
91.400000 5.551115123125782e-12 2.2204460492503128e-11 3.386180225106727e-10
91.500000 5.551115123125782e-12 2.2204460492503128e-11 3.386180225106727e-10
91.600000 5.551115123125782e-12 2.2204460492503128e-11 3.386180225106727e-10
91.700000 5.551115123125782e-12 2.2204460492503128e-11 3.386180225106727e-10
91.800000 5.551115123125782e-12 2.2204460492503128e-11 3.386180225106727e-10
91.900000 5.551115123125782e-12 2.2204460492503128e-11 3.386180225106727e-10
92.000000 5.551115123125782e-12 2.2204460492503128e-11 3.386180225106727e-10
92.100000 5.551115123125782e-12 2.2204460492503128e-11 3.386180225106727e-10
92.200000 5.551115123125782e-12 2.2204460492503128e-11 3.386180225106727e-10
92.300000 5.551115123125782e-12 2.2204460492503128e-11 3.386180225106727e-10
92.400000 5.551115123125782e-12 2.2204460492503128e-11 3.386180225106727e-10
92.500000 5.551115123125782e-12 2.2204460492503128e-11 3.386180225106727e-10
92.600000 5.551115123125782e-12 2.2204460492503128e-11 3.386180225106727e-10
92.700000 5.551115123125782e-12 2.2204460492503128e-11 3.386180225106727e-10
92.800000 5.551115123125782e-12 2.2204460492503128e-11 3.386180225106727e-10
92.900000 5.551115123125782e-12 2.2204460492503128e-11 3.386180225106727e-10
93.000000 5.551115123125782e-12 2.2204460492503128e-11 3.386180225106727e-10
93.100000 5.551115123125782e-12 2.2204460492503128e-11 3.386180225106727e-10
93.200000 5.551115123125782e-12 2.2204460492503128e-11 3.386180225106727e-10
93.300000 5.551115123125782e-12 2.2204460492503128e-11 3.386180225106727e-10
93.400000 5.551115123125782e-12 2.2204460492503128e-11 3.386180225106727e-10
93.500000 5.551115123125782e-12 2.2204460492503128e-11 3.386180225106727e-10
93.600000 5.551115123125782e-12 2.2204460492503128e-11 3.386180225106727e-10
93.700000 5.551115123125782e-12 2.2204460492503128e-11 3.386180225106727e-10
93.800000 5.551115123125782e-12 2.2204460492503128e-11 3.386180225106727e-10
93.900000 5.551115123125782e-12 2.2204460492503128e-11 3.386180225106727e-10
94.000000 5.551115123125782e-12 2.2204460492503128e-11 3.386180225106727e-10
94.100000 5.551115123125782e-12 2.2204460492503128e-11 3.386180225106727e-10
94.200000 5.551115123125782e-12 2.2204460492503128e-11 3.386180225106727e-10
94.300000 5.551115123125782e-12 2.2204460492503128e-11 3.386180225106727e-10
94.400000 5.551115123125782e-12 2.2204460492503128e-11 3.386180225106727e-10
94.500000 5.551115123125782e-12 2.2204460492503128e-11 3.386180225106727e-10
94.600000 5.551115123125782e-12 2.2204460492503128e-11 3.386180225106727e-10
94.700000 5.551115123125782e-12 2.2204460492503128e-11 3.386180225106727e-10
94.800000 5.551115123125782e-12 2.2204460492503128e-11 3.386180225106727e-10
94.900000 5.551115123125782e-12 2.2204460492503128e-11 3.386180225106727e-10
95.000000 5.551115123125782e-12 2.2204460492503128e-11 3.386180225106727e-10
95.100000 5.551115123125782e-12 2.2204460492503128e-11 3.386180225106727e-10
95.200000 5.551115123125782e-12 2.2204460492503128e-11 3.386180225106727e-10
95.300000 5.551115123125782e-12 2.2204460492503128e-11 3.386180225106727e-10
95.400000 5.551115123125782e-12 2.2204460492503128e-11 3.386180225106727e-10
95.500000 5.551115123125782e-12 2.2204460492503128e-11 3.386180225106727e-10
95.600000 5.551115123125782e-12 2.2204460492503128e-11 3.386180225106727e-10
95.700000 5.551115123125782e-12 2.2204460492503128e-11 3.386180225106727e-10
95.800000 5.551115123125782e-12 2.2204460492503128e-11 3.386180225106727e-10
95.900000 5.551115123125782e-12 2.2204460492503128e-11 3.386180225106727e-10
96.000000 5.551115123125782e-12 2.2204460492503128e-11 3.386180225106727e-10
96.100000 5.551115123125782e-12 2.2204460492503128e-11 3.386180225106727e-10
96.200000 5.551115123125782e-12 2.2204460492503128e-11 3.386180225106727e-10
96.300000 5.551115123125782e-12 2.2204460492503128e-11 3.386180225106727e-10
96.400000 5.551115123125782e-12 2.2204460492503128e-11 3.386180225106727e-10
96.500000 5.551115123125782e-12 2.2204460492503128e-11 3.386180225106727e-10
96.600000 5.551115123125782e-12 2.2204460492503128e-11 3.386180225106727e-10
96.700000 5.551115123125782e-12 2.2204460492503128e-11 3.386180225106727e-10
96.800000 5.551115123125782e-12 2.2204460492503128e-11 3.386180225106727e-10
96.900000 5.551115123125782e-12 2.2204460492503128e-11 3.386180225106727e-10
97.000000 5.551115123125782e-12 2.2204460492503128e-11 3.386180225106727e-10
97.100000 5.551115123125782e-12 2.2204460492503128e-11 3.386180225106727e-10
97.200000 5.551115123125782e-12 2.2204460492503128e-11 3.386180225106727e-10
97.300000 5.551115123125782e-12 2.2204460492503128e-11 3.386180225106727e-10
97.400000 5.551115123125782e-12 2.2204460492503128e-11 3.386180225106727e-10
97.500000 5.551115123125782e-12 2.2204460492503128e-11 3.386180225106727e-10
97.600000 5.551115123125782e-12 2.2204460492503128e-11 3.386180225106727e-10
97.700000 5.551115123125782e-12 2.2204460492503128e-11 3.386180225106727e-10
97.800000 5.551115123125782e-12 2.2204460492503128e-11 3.386180225106727e-10
97.900000 5.551115123125782e-12 2.2204460492503128e-11 3.386180225106727e-10
98.000000 5.551115123125782e-12 2.2204460492503128e-11 3.386180225106727e-10
98.100000 5.551115123125782e-12 2.2204460492503128e-11 3.386180225106727e-10
98.200000 5.551115123125782e-12 2.2204460492503128e-11 3.386180225106727e-10
98.300000 5.551115123125782e-12 2.2204460492503128e-11 3.386180225106727e-10
98.400000 5.551115123125782e-12 2.2204460492503128e-11 3.386180225106727e-10
98.500000 5.551115123125782e-12 2.2204460492503128e-11 3.386180225106727e-10
98.600000 5.551115123125782e-12 2.2204460492503128e-11 3.386180225106727e-10
98.700000 5.551115123125782e-12 2.2204460492503128e-11 3.386180225106727e-10
98.800000 5.551115123125782e-12 2.2204460492503128e-11 3.386180225106727e-10
98.900000 5.551115123125782e-12 2.2204460492503128e-11 3.386180225106727e-10
99.000000 5.551115123125782e-12 2.2204460492503128e-11 3.386180225106727e-10
99.100000 5.551115123125782e-12 2.2204460492503128e-11 3.386180225106727e-10
99.200000 5.551115123125782e-12 2.2204460492503128e-11 3.386180225106727e-10
99.300000 5.551115123125782e-12 2.2204460492503128e-11 3.386180225106727e-10
99.400000 5.551115123125782e-12 2.2204460492503128e-11 3.386180225106727e-10
99.500000 5.551115123125782e-12 2.2204460492503128e-11 3.386180225106727e-10
99.600000 5.551115123125782e-12 2.2204460492503128e-11 3.386180225106727e-10
99.700000 5.551115123125782e-12 2.2204460492503128e-11 3.386180225106727e-10
99.800000 5.551115123125782e-12 2.2204460492503128e-11 3.386180225106727e-10
99.900000 5.551115123125782e-12 2.2204460492503128e-11 3.386180225106727e-10
